name,ttm,12/31/2021,09/30/2021,06/30/2021,03/31/2021,12/31/2020,09/30/2020,06/30/2020,03/31/2020,12/31/2019,09/30/2019,06/30/2019,03/31/2019,12/31/2018,09/30/2018,06/30/2018,03/31/2018,12/31/2017,09/30/2017,06/30/2017,03/31/2017,12/31/2016,09/30/2016,06/30/2016,03/31/2016,12/31/2015,09/30/2015,06/30/2015,03/31/2015,12/31/2014,09/30/2014,06/30/2014,03/31/2014,12/31/2013,09/30/2013,06/30/2013,03/31/2013,12/31/2012,09/30/2012,06/30/2012,03/31/2012,12/31/2011,09/30/2011,06/30/2011,03/31/2011,12/31/2010,09/30/2010,06/30/2010,03/31/2010,12/31/2009,09/30/2009,06/30/2009,03/31/2009,12/31/2008,09/30/2008,06/30/2008,03/31/2008,12/31/2007,09/30/2007,06/30/2007,03/31/2007,12/31/2006,09/30/2006,06/30/2006,03/31/2006,12/31/2005,09/30/2005,06/30/2005,03/31/2005,12/31/2004,09/30/2004,06/30/2004,03/31/2004,12/31/2003,09/30/2003,06/30/2003,03/31/2003,12/31/2002,09/30/2002,06/30/2002,03/31/2002,12/31/2001,09/30/2001,06/30/2001,03/31/2001,12/31/2000,09/30/2000,06/30/2000,03/31/2000,12/31/1999,09/30/1999,06/30/1999,03/31/1999,12/31/1998,09/30/1998,06/30/1998,03/31/1998,12/31/1997,09/30/1997,06/30/1997,03/31/1997,12/31/1996,09/30/1996,06/30/1996,03/31/1996,12/31/1995,09/30/1995,06/30/1995,03/31/1995,12/31/1994,09/30/1994,06/30/1994,03/31/1994,12/31/1993,09/30/1993,06/30/1993,03/31/1993,12/31/1992,09/30/1992,06/30/1992,03/31/1992,12/31/1991,09/30/1991,06/30/1991,03/31/1991,12/31/1990,09/30/1990,06/30/1990,03/31/1990,12/31/1989,09/30/1989,06/30/1989,03/31/1989,12/31/1988,09/30/1988,06/30/1988,03/31/1988,12/31/1987,09/30/1987,06/30/1987,03/31/1987,12/31/1986,09/30/1986,06/30/1986,03/31/1986,12/31/1985,09/30/1985
TotalRevenue,"57,351,000,000","3,259,000,000","17,618,000,000","18,745,000,000","17,729,000,000","20,368,000,000","17,561,000,000","18,123,000,000","17,570,000,000","21,777,000,000","18,027,000,000","19,161,000,000","18,181,000,000","21,760,000,000","18,755,000,000","20,003,000,000","19,071,000,000","22,543,000,000","19,153,000,000","19,289,000,000","18,155,000,000","21,771,000,000","19,227,000,000","20,239,000,000","18,684,000,000","22,060,000,000","19,280,000,000","20,813,000,000","19,590,000,000","24,113,000,000","22,397,000,000","24,363,000,000","22,483,000,000","27,699,000,000","23,721,000,000","24,924,000,000","23,408,000,000","29,304,000,000","24,747,000,000","25,783,000,000","24,673,000,000","29,486,000,000","26,157,000,000","26,666,000,000","24,607,000,000","29,018,000,000","24,271,000,000","23,724,000,000","22,856,000,000","27,230,000,000","23,566,000,000","23,250,000,000","21,711,000,000","27,007,000,000","25,302,000,000","26,178,000,000","23,862,000,000","30,718,000,000","23,490,000,000","23,170,000,000","21,408,000,000","26,258,000,000","22,617,000,000","21,890,000,000","20,659,000,000","24,427,000,000","21,529,000,000","22,270,000,000","22,908,000,000","27,461,000,000","23,429,000,000","23,153,000,000","22,250,000,000","25,913,000,000","21,522,000,000","21,631,000,000","20,065,000,000","23,684,000,000","19,821,000,000","19,651,000,000","18,551,000,000","22,826,000,000","20,428,000,000","21,568,000,000","21,044,000,000","25,616,000,000","21,781,000,000","21,651,000,000","19,348,000,000","24,182,000,000","21,144,000,000","21,905,000,000","20,317,000,000","22,539,000,000","20,095,000,000","18,823,000,000","17,618,000,000","23,723,000,000","18,605,000,000","18,872,000,000","17,308,000,000","21,519,000,000","18,062,000,000","18,183,000,000","16,559,000,000","21,920,000,000","16,754,000,000","17,531,000,000","15,735,000,000","19,896,000,000","15,431,000,000","15,351,000,000","13,373,000,000","19,396,000,000","14,743,000,000","15,519,000,000","13,058,000,000","19,560,000,000","14,702,000,000","16,224,000,000","14,037,000,000","22,082,000,000","14,433,000,000","14,732,000,000","13,545,000,000","23,061,000,000","15,277,000,000","16,495,000,000","14,185,000,000","20,462,000,000","14,305,000,000","15,213,000,000","12,730,000,000","20,937,000,000","13,960,000,000","13,599,000,000","11,749,000,000","18,011,000,000","12,727,000,000","8,510,000,000","6,500,000,000","16,945,000,000","11,910,000,000","12,268,000,000","10,127,000,000","17,155,000,000","11,698,000,000"
	OperatingRevenue,"57,351,000,000","3,259,000,000","17,618,000,000","18,745,000,000","17,729,000,000","20,368,000,000","17,561,000,000","18,123,000,000","17,570,000,000","21,777,000,000","18,027,000,000","19,161,000,000","18,181,000,000","21,760,000,000","18,755,000,000","20,003,000,000","19,071,000,000","22,543,000,000","19,153,000,000","19,289,000,000","18,155,000,000","21,771,000,000","19,227,000,000","20,239,000,000","18,684,000,000","22,060,000,000","19,280,000,000","20,813,000,000","19,590,000,000","24,113,000,000","22,397,000,000","24,363,000,000","22,483,000,000","27,699,000,000","23,721,000,000","24,924,000,000","23,408,000,000","29,304,000,000","24,747,000,000","25,783,000,000","24,673,000,000","29,486,000,000","26,157,000,000","26,666,000,000","24,607,000,000","29,019,000,000","24,271,000,000","23,723,000,000","22,858,000,000","27,230,000,000","23,566,000,000","23,251,000,000","21,711,000,000","27,007,000,000","25,302,000,000","26,179,000,000","23,862,000,000","30,718,000,000","23,490,000,000","23,169,000,000","21,408,000,000","26,257,000,000","22,617,000,000","21,889,000,000","20,659,000,000","24,427,000,000","21,529,000,000","22,270,000,000","22,908,000,000","27,461,000,000","23,429,000,000","23,153,000,000","22,250,000,000","25,913,000,000","21,522,000,000","21,631,000,000","20,065,000,000","23,684,000,000","19,821,000,000","19,651,000,000","18,551,000,000","22,826,000,000","20,428,000,000","21,568,000,000","21,044,000,000","25,616,000,000","21,781,000,000","21,651,000,000","19,348,000,000","24,182,000,000","21,144,000,000","21,905,000,000","20,317,000,000","22,539,000,000","20,095,000,000","18,823,000,000","17,618,000,000","23,723,000,000","18,605,000,000","18,872,000,000","17,308,000,000","21,519,000,000","18,062,000,000","18,183,000,000","16,559,000,000","21,920,000,000","16,754,000,000","17,531,000,000","15,735,000,000","19,896,000,000","15,431,000,000","15,351,000,000","13,373,000,000","19,396,000,000","14,743,000,000","15,519,000,000","13,058,000,000","19,560,000,000","14,702,000,000","16,224,000,000","14,037,000,000","22,082,000,000","14,433,000,000","14,732,000,000","13,545,000,000","23,061,000,000","15,277,000,000","16,495,000,000","14,185,000,000","20,462,000,000","14,305,000,000","15,213,000,000","12,730,000,000","20,937,000,000","13,960,000,000","13,599,000,000","11,749,000,000","18,011,000,000","12,727,000,000","8,510,000,000","6,500,000,000","16,945,000,000","11,910,000,000","12,268,000,000","10,127,000,000","17,155,000,000","11,698,000,000"
CostOfRevenue,"25,865,000,000","-2,849,000,000","9,447,000,000","9,741,000,000","9,525,000,000","9,844,000,000","9,130,000,000","9,423,000,000","9,649,000,000","10,677,000,000","9,692,000,000","10,151,000,000","10,139,000,000","11,073,000,000","9,953,000,000","10,804,000,000","10,825,000,000","11,681,000,000","10,353,000,000","10,495,000,000","10,383,000,000","10,877,000,000","10,213,000,000","10,536,000,000","9,999,000,000","10,652,000,000","9,844,000,000","10,423,000,000","10,138,000,000","11,251,000,000","11,523,000,000","12,389,000,000","11,941,000,000","13,383,000,000","12,341,000,000","12,792,000,000","12,730,000,000","14,137,000,000","13,016,000,000","13,502,000,000","13,555,000,000","14,764,000,000","13,984,000,000","14,282,000,000","13,749,000,000","14,792,000,000","13,270,000,000","12,915,000,000","12,880,000,000","14,085,000,000","12,938,000,000","12,669,000,000","12,280,000,000","14,071,000,000","14,342,000,000","15,221,000,000","14,336,000,000","15,897,000,000","14,163,000,000","13,834,000,000","13,163,000,000","14,556,000,000","13,126,000,000","12,876,000,000","12,571,000,000","13,662,000,000","12,791,000,000","13,495,000,000","14,654,000,000","16,609,000,000","14,783,000,000","14,628,000,000","14,241,000,000","15,938,000,000","13,710,000,000","13,633,000,000","12,832,000,000","14,493,000,000","12,498,000,000","12,381,000,000","12,115,000,000","14,081,000,000","13,037,000,000","13,530,000,000","13,436,000,000","15,947,000,000","13,980,000,000","13,708,000,000","12,337,000,000","15,299,000,000","13,580,000,000","13,681,000,000","13,059,000,000","15,322,000,000","12,628,000,000","11,677,000,000","11,168,000,000","14,205,000,000","11,507,000,000","11,471,000,000","10,716,000,000","12,198,000,000","10,804,000,000","10,992,000,000","9,790,000,000","12,769,000,000","9,833,000,000","9,900,000,000","9,071,000,000","11,810,000,000","9,277,000,000","9,247,000,000","8,433,000,000","10,950,000,000","7,928,000,000","8,472,000,000","6,508,000,000","10,452,000,000","5,560,000,000","7,060,000,000","5,739,000,000","10,078,000,000","6,152,000,000","6,014,000,000","5,079,000,000","9,227,000,000","5,510,000,000","6,580,000,000","5,189,000,000",,,,,,,,,,,,,,,,,,
GrossProfit,"31,486,000,000","6,107,000,000","8,171,000,000","9,004,000,000","8,204,000,000","10,523,000,000","8,430,000,000","8,700,000,000","7,922,000,000","11,100,000,000","8,336,000,000","9,010,000,000","8,043,000,000","10,687,000,000","8,803,000,000","9,199,000,000","8,247,000,000","10,862,000,000","8,800,000,000","8,794,000,000","7,772,000,000","10,893,000,000","9,013,000,000","9,702,000,000","8,686,000,000","11,406,000,000","9,436,000,000","10,390,000,000","9,452,000,000","12,862,000,000","10,874,000,000","11,975,000,000","10,543,000,000","14,316,000,000","11,380,000,000","12,132,000,000","10,678,000,000","15,167,000,000","11,731,000,000","12,281,000,000","11,118,000,000","14,722,000,000","12,173,000,000","12,384,000,000","10,858,000,000","14,227,000,000","11,001,000,000","10,809,000,000","9,976,000,000","13,145,000,000","10,627,000,000","10,581,000,000","9,431,000,000","12,936,000,000","10,960,000,000","10,957,000,000","9,526,000,000","14,821,000,000","9,327,000,000","9,336,000,000","8,245,000,000","11,701,000,000","9,492,000,000","9,014,000,000","8,088,000,000","10,765,000,000","8,738,000,000","8,775,000,000","8,254,000,000","10,852,000,000","8,646,000,000","8,525,000,000","8,009,000,000","9,975,000,000","7,812,000,000","7,998,000,000","7,233,000,000","9,191,000,000","7,323,000,000","7,270,000,000","6,436,000,000","8,745,000,000","7,391,000,000","8,038,000,000","7,608,000,000","9,669,000,000","7,801,000,000","7,943,000,000","7,011,000,000","8,883,000,000","7,564,000,000","8,224,000,000","7,258,000,000","7,217,000,000","7,467,000,000","7,146,000,000","6,450,000,000","9,518,000,000","7,098,000,000","7,401,000,000","6,592,000,000","9,321,000,000","7,258,000,000","7,191,000,000","6,769,000,000","9,151,000,000","6,921,000,000","7,631,000,000","6,664,000,000","8,086,000,000","6,154,000,000","6,104,000,000","4,940,000,000","8,446,000,000","6,815,000,000","7,047,000,000","6,550,000,000","9,108,000,000","9,142,000,000","9,164,000,000","8,298,000,000","12,004,000,000","8,281,000,000","8,718,000,000","8,466,000,000","13,834,000,000","9,767,000,000","9,915,000,000","8,996,000,000",,,,,,,,,,,,,,,,,,
OperatingExpense,"24,654,000,000","4,794,000,000","6,338,000,000","6,857,000,000","6,658,000,000","8,563,000,000","6,027,000,000","6,627,000,000","7,463,000,000","6,834,000,000","6,398,000,000","6,624,000,000","6,002,000,000","5,863,000,000","5,336,000,000","5,931,000,000","6,520,000,000","6,210,000,000","5,674,000,000","6,261,000,000","6,224,000,000","5,889,000,000","5,633,000,000","6,423,000,000","7,156,000,000","6,279,000,000","5,805,000,000","6,278,000,000","6,404,000,000","7,045,000,000","6,389,000,000","6,802,000,000","7,528,000,000","7,274,000,000","6,502,000,000","7,957,000,000","7,016,000,000","6,377,000,000","7,443,000,000","7,425,000,000","7,479,000,000","7,631,000,000","7,207,000,000","7,600,000,000","7,409,000,000","7,539,000,000","6,632,000,000","6,515,000,000","7,186,000,000","7,118,000,000","6,483,000,000","6,548,000,000","6,744,000,000","7,361,000,000","7,223,000,000","7,949,000,000","7,189,000,000","7,601,000,000","6,848,000,000","7,165,000,000","6,598,000,000","7,207,000,000","6,664,000,000","6,438,000,000","6,058,000,000","6,711,000,000","6,079,000,000","7,974,000,000","6,392,000,000","6,751,000,000","6,397,000,000","6,058,000,000","5,851,000,000","6,223,000,000","5,610,000,000","5,686,000,000","5,410,000,000","6,644,000,000","5,200,000,000","6,486,000,000","5,253,000,000","7,430,000,000","5,002,000,000","5,044,000,000","5,011,000,000","5,789,000,000","4,987,000,000","5,136,000,000","4,878,000,000","5,861,000,000","4,884,000,000","4,139,000,000","5,118,000,000","6,481,000,000","5,297,000,000","5,032,000,000","4,898,000,000","6,485,000,000","5,094,000,000","5,179,000,000","4,753,000,000","6,860,000,000","5,290,000,000","5,005,000,000","4,788,000,000","8,480,000,000","4,893,000,000","4,857,000,000","4,546,000,000","6,065,000,000","4,938,000,000","5,026,000,000","4,249,000,000","7,950,000,000","6,844,000,000","15,881,000,000","6,820,000,000","4,218,000,000","13,183,000,000","7,775,000,000","7,130,000,000","13,015,000,000","7,692,000,000","8,363,000,000","7,457,000,000","9,578,000,000","7,714,000,000","7,328,000,000","6,860,000,000",,,,,,,,,,,,,,,,,,
	SellingGeneralAndAdministration,"17,699,000,000","3,084,000,000","4,592,000,000","5,097,000,000","4,927,000,000","6,970,000,000","4,372,000,000","4,894,000,000","5,614,000,000","5,103,000,000","4,735,000,000","5,344,000,000","4,573,000,000","4,583,000,000","4,249,000,000","4,708,000,000","5,322,000,000","5,017,000,000","4,515,000,000","5,015,000,000","5,006,000,000","4,847,000,000","4,628,000,000","5,187,000,000","5,816,000,000","5,030,000,000","4,633,000,000","5,034,000,000","5,200,000,000","5,831,000,000","5,084,000,000","5,442,000,000","6,142,000,000","5,817,000,000","5,125,000,000","6,568,000,000","5,465,000,000","5,813,000,000","5,810,000,000","5,753,000,000","5,800,000,000","5,915,000,000","5,586,000,000","5,951,000,000","5,762,000,000","5,845,000,000","5,106,000,000","4,984,000,000","5,611,000,000","5,444,000,000","4,965,000,000","5,017,000,000","5,094,000,000","5,833,000,000","5,644,000,000","6,289,000,000","5,620,000,000","6,016,000,000","5,324,000,000","5,631,000,000","5,089,000,000","5,620,000,000","5,121,000,000","4,916,000,000","4,602,000,000","5,252,000,000","4,632,000,000","6,497,000,000","4,933,000,000","5,290,000,000","4,978,000,000","4,632,000,000","4,484,000,000","4,874,000,000","4,303,000,000","4,460,000,000","4,215,000,000","5,440,000,000","3,987,000,000","5,288,000,000","4,053,000,000","5,883,000,000","3,741,000,000","3,765,000,000","3,808,000,000","4,340,000,000","3,726,000,000","3,867,000,000","3,706,000,000","4,445,000,000","3,501,000,000","2,846,000,000","3,937,000,000","5,074,000,000","4,057,000,000","3,812,000,000","3,719,000,000","5,060,000,000","3,932,000,000","3,958,000,000","3,684,000,000","5,093,000,000","4,175,000,000","3,889,000,000","3,697,000,000","5,392,000,000","3,858,000,000","3,883,000,000","3,633,000,000","4,947,000,000","3,885,000,000","3,935,000,000","4,249,000,000","6,914,000,000","5,631,000,000","14,808,000,000","5,432,000,000","3,438,000,000","10,170,000,000","6,474,000,000","5,965,000,000","11,410,000,000","6,572,000,000","7,196,000,000","6,199,000,000","8,475,000,000","6,547,000,000","6,520,000,000","5,721,000,000",,,,,,,,,,,,,,,,,,
		GeneralAndAdministrativeExpense,"16,286,000,000","2,770,000,000","4,243,000,000","4,698,000,000","4,575,000,000","6,580,000,000","4,011,000,000","4,531,000,000","5,186,000,000","4,690,000,000","4,354,000,000","4,923,000,000","4,141,000,000","4,248,000,000","3,926,000,000","4,301,000,000","4,921,000,000","4,662,000,000","4,178,000,000","4,625,000,000","4,643,000,000","4,571,000,000","4,287,000,000","4,826,000,000","5,468,000,000","4,708,000,000","4,318,000,000","4,693,000,000","4,887,000,000","5,515,000,000","4,778,000,000","5,095,000,000","5,804,000,000","5,494,000,000","4,825,000,000","6,220,000,000","5,142,000,000","5,463,000,000","5,480,000,000","5,409,000,000","5,484,000,000","5,570,000,000","5,247,000,000","5,585,000,000","5,439,000,000","5,474,000,000","4,769,000,000","4,655,000,000","5,311,000,000","5,103,000,000","4,642,000,000","4,717,000,000","4,807,000,000",,,,,,,,,,,,,,,,,,,,,,,,,,,,,,,,,,,,,,,,,,,,,,,,,,,,,,,,,,,,,,,,,,,,,,,,,,,,,,,,,,,,,,,,,,,,,,
			SalariesAndWages,"736,000,000","64,000,000","156,000,000","247,000,000","269,000,000","2,224,000,000","147,000,000","292,000,000","845,000,000","157,000,000","171,000,000","588,000,000","93,000,000","105,000,000","121,000,000","111,000,000","621,000,000","387,000,000","280,000,000","357,000,000","516,000,000","297,000,000","304,000,000","304,000,000","1,276,000,000","299,000,000","396,000,000","463,000,000","810,000,000","862,000,000","306,000,000","282,000,000","1,192,000,000","372,000,000","369,000,000","1,370,000,000","383,000,000","1,116,000,000","484,000,000","310,000,000","336,000,000","279,000,000","264,000,000","277,000,000","519,000,000","279,000,000","263,000,000","246,000,000","836,000,000","287,000,000","226,000,000","239,000,000","461,000,000",,,,,,,,,,,,,,,,,,,,,,,,,,,,,,,,,,,,,,,,,,,,,,,,,,,,,,,,,,,,,,,,,,,,,,,,,,,,,,,,,,,,,,,,,,,,,,
			OtherGandA,"15,550,000,000","2,706,000,000","4,087,000,000","4,451,000,000","4,306,000,000","4,356,000,000","3,864,000,000","4,239,000,000","4,341,000,000","4,533,000,000","4,183,000,000","4,335,000,000","4,048,000,000","4,143,000,000","3,805,000,000","4,190,000,000","4,300,000,000","4,275,000,000","3,898,000,000","4,268,000,000","4,127,000,000","4,274,000,000","3,983,000,000","4,522,000,000","4,192,000,000","4,409,000,000","3,922,000,000","4,230,000,000","4,077,000,000","4,653,000,000","4,472,000,000","4,813,000,000","4,612,000,000","5,122,000,000","4,456,000,000","4,850,000,000","4,759,000,000","4,347,000,000","4,996,000,000","5,099,000,000","5,148,000,000","5,291,000,000","4,983,000,000","5,308,000,000","4,920,000,000","5,195,000,000","4,506,000,000","4,409,000,000","4,475,000,000","4,816,000,000","4,416,000,000","4,478,000,000","4,346,000,000",,,,,,,,,,,,,,,,,,,,,,,,,,,,,,,,,,,,,,,,,,,,,,,,,,,,,,,,,,,,,,,,,,,,,,,,,,,,,,,,,,,,,,,,,,,,,,
		SellingAndMarketingExpense,"1,413,000,000","314,000,000","349,000,000","399,000,000","352,000,000","390,000,000","361,000,000","363,000,000","428,000,000","413,000,000","381,000,000","421,000,000","432,000,000","335,000,000","323,000,000","407,000,000","401,000,000","355,000,000","337,000,000","390,000,000","363,000,000","276,000,000","341,000,000","361,000,000","348,000,000","322,000,000","315,000,000","341,000,000","313,000,000","316,000,000","306,000,000","347,000,000","338,000,000","323,000,000","300,000,000","348,000,000","323,000,000","350,000,000","330,000,000","344,000,000","316,000,000","345,000,000","339,000,000","366,000,000","323,000,000","371,000,000","337,000,000","329,000,000","300,000,000","341,000,000","323,000,000","300,000,000","287,000,000",,,,,,,,,,,,,,,,,,,,,,,,,,,,,,,,,,,,,,,,,,,,,,,,,,,,,,,,,,,,,,,,,,,,,,,,,,,,,,,,,,,,,,,,,,,,,,
	ResearchAndDevelopment,"6,488,000,000","1,581,000,000","1,621,000,000","1,657,000,000","1,630,000,000","1,611,000,000","1,515,000,000","1,582,000,000","1,625,000,000","1,596,000,000","1,553,000,000","1,407,000,000","1,433,000,000","1,358,000,000","1,252,000,000","1,364,000,000","1,405,000,000","1,427,000,000","1,342,000,000","1,484,000,000","1,533,000,000","1,431,000,000","1,397,000,000","1,465,000,000","1,458,000,000","1,362,000,000","1,287,000,000","1,300,000,000","1,298,000,000","1,320,000,000","1,354,000,000","1,457,000,000","1,501,000,000","1,565,000,000","1,468,000,000","1,548,000,000","1,644,000,000","1,580,000,000","1,534,000,000","1,587,000,000","1,601,000,000","1,555,000,000","1,546,000,000","1,569,000,000","1,587,000,000","1,578,000,000","1,464,000,000","1,475,000,000","1,509,000,000","1,460,000,000","1,446,000,000","1,434,000,000","1,480,000,000","1,528,000,000","1,579,000,000","1,660,000,000","1,569,000,000","1,585,000,000","1,524,000,000","1,534,000,000","1,509,000,000","1,587,000,000","1,543,000,000","1,522,000,000","1,456,000,000","1,459,000,000","1,447,000,000","1,477,000,000","1,459,000,000","1,461,000,000","1,419,000,000","1,426,000,000","1,367,000,000","1,349,000,000","1,307,000,000","1,226,000,000","1,195,000,000","1,204,000,000","1,213,000,000","1,198,000,000","1,200,000,000","1,547,000,000","1,261,000,000","1,279,000,000","1,203,000,000","1,449,000,000","1,261,000,000","1,269,000,000","1,172,000,000","1,416,000,000","1,383,000,000","1,293,000,000","1,181,000,000","1,407,000,000","1,240,000,000","1,220,000,000","1,179,000,000","1,425,000,000","1,162,000,000","1,221,000,000","1,069,000,000","1,767,000,000","1,115,000,000","1,116,000,000","1,091,000,000","3,088,000,000","1,035,000,000","974,000,000","913,000,000","1,118,000,000","1,053,000,000","1,091,000,000",,,,,,,,,,,,,,,,,,,,,,,,,,,,,,,,,,,
	DepreciationAmortizationDepletionIncomeStatement,"1,116,000,000","269,000,000","289,000,000","281,000,000","277,000,000","277,000,000","278,000,000","284,000,000","284,000,000","294,000,000","276,000,000","95,000,000","97,000,000","106,000,000","110,000,000","109,000,000","110,000,000","114,000,000","125,000,000","127,000,000","130,000,000","132,000,000","136,000,000","136,000,000","99,000,000","80,000,000","73,000,000","72,000,000","79,000,000","93,000,000","96,000,000","94,000,000","92,000,000","93,000,000","100,000,000","88,000,000","90,000,000","87,000,000","83,000,000","81,000,000","78,000,000","72,000,000","71,000,000","73,000,000","73,000,000","76,000,000","62,000,000","56,000,000","60,000,000","67,000,000","72,000,000","73,000,000","73,000,000",,,,,,,,,,,,,,,,,,,,,,,,,,,,,,,,,,,,,,,,,,,,,,,,,,,,,,,,,,,,,"1,036,000,000","1,213,000,000","1,073,000,000","1,388,000,000","780,000,000","3,013,000,000","1,301,000,000","1,165,000,000","1,605,000,000","1,120,000,000","1,167,000,000","1,258,000,000","1,103,000,000","1,167,000,000","808,000,000","1,139,000,000",,,,,,,,,,,,,,,,,,
		DepreciationAndAmortizationInIncomeStatement,"1,116,000,000","269,000,000","289,000,000","281,000,000","277,000,000","277,000,000","278,000,000","284,000,000","284,000,000","294,000,000","276,000,000","95,000,000","97,000,000","106,000,000","110,000,000","109,000,000","110,000,000","114,000,000","125,000,000","127,000,000","130,000,000","132,000,000","136,000,000","136,000,000","99,000,000","80,000,000","73,000,000","72,000,000","79,000,000","93,000,000","96,000,000","94,000,000","92,000,000","93,000,000","100,000,000","88,000,000","90,000,000","87,000,000","83,000,000","81,000,000","78,000,000","72,000,000","71,000,000","73,000,000","73,000,000","76,000,000","62,000,000","56,000,000","60,000,000","67,000,000","72,000,000","73,000,000","73,000,000",,,,,,,,,,,,,,,,,,,,,,,,,,,,,,,,,,,,,,,,,,,,,,,,,,,,,,,,,,,,,"1,036,000,000","1,213,000,000","1,073,000,000","1,388,000,000","780,000,000","3,013,000,000","1,301,000,000","1,165,000,000","1,605,000,000","1,120,000,000","1,167,000,000","1,258,000,000","1,103,000,000","1,167,000,000","808,000,000","1,139,000,000",,,,,,,,,,,,,,,,,,
			Amortization,"1,116,000,000","269,000,000","289,000,000","281,000,000","277,000,000","277,000,000","278,000,000","284,000,000","284,000,000","294,000,000","276,000,000","95,000,000","97,000,000","106,000,000","110,000,000","109,000,000","110,000,000","114,000,000","125,000,000","127,000,000","130,000,000","132,000,000","136,000,000","136,000,000","99,000,000","80,000,000","73,000,000","72,000,000","79,000,000","93,000,000","96,000,000","94,000,000","92,000,000","93,000,000","100,000,000","88,000,000","90,000,000","87,000,000","83,000,000","81,000,000","78,000,000","72,000,000","71,000,000","73,000,000","73,000,000","76,000,000","62,000,000","56,000,000","60,000,000","67,000,000","72,000,000","73,000,000","73,000,000",,,,,,,,,,,,,,,,,,,,,,,,,,,,,,,,,,,,,,,,,,,,,,,,,,,,,,,,,,,,,,,,,,,,,,,,,,,,,,,,,,,,,,,,,,,,,,
				AmortizationOfIntangiblesIncomeStatement,"1,116,000,000","269,000,000","289,000,000","281,000,000","277,000,000","277,000,000","278,000,000","284,000,000","284,000,000","294,000,000","276,000,000","95,000,000","97,000,000","106,000,000","110,000,000","109,000,000","110,000,000","114,000,000","125,000,000","127,000,000","130,000,000","132,000,000","136,000,000","136,000,000","99,000,000","80,000,000","73,000,000","72,000,000","79,000,000","93,000,000","96,000,000","94,000,000","92,000,000","93,000,000","100,000,000","88,000,000","90,000,000","87,000,000","83,000,000","81,000,000","78,000,000","72,000,000","71,000,000","73,000,000","73,000,000","76,000,000","62,000,000","56,000,000","60,000,000","67,000,000","72,000,000","73,000,000","73,000,000",,,,,,,,,,,,,,,,,,,,,,,,,,,,,,,,,,,,,,,,,,,,,,,,,,,,,,,,,,,,,,,,,,,,,,,,,,,,,,,,,,,,,,,,,,,,,,
	ProvisionForDoubtfulAccounts,,,,,,,,,,,,,,,,,,,,,,,,,,,,,,,,,,,,,,,"16,000,000","4,000,000",,"89,000,000","4,000,000","7,000,000","-13,000,000",,,,"6,000,000",,,"24,000,000","97,000,000",,,,,,,,,,,,,,,,,,,,,,,,,,,,,,,,,,,,,,,,,,,,,,,,,,,,,,,,,,,,,,,,,,,,,,,,,,,,,,,,,,,,,,,,,,,,,,
	OtherOperatingExpenses,"-649,000,000","-140,000,000","-164,000,000","-178,000,000","-176,000,000","-295,000,000","-138,000,000","-133,000,000","-60,000,000","-159,000,000","-166,000,000","-222,000,000","-101,000,000","-184,000,000","-275,000,000","-250,000,000","-317,000,000","-348,000,000","-308,000,000","-365,000,000","-445,000,000","-521,000,000","-528,000,000","-365,000,000","-217,000,000","-193,000,000","-188,000,000","-128,000,000","-173,000,000","-199,000,000","-145,000,000","-191,000,000","-207,000,000","-201,000,000","-191,000,000","-247,000,000","-183,000,000","-227,000,000","-303,000,000","-289,000,000","-255,000,000","-253,000,000","-298,000,000","-295,000,000","-262,000,000","-318,000,000",,,,,,,,,,,,,,,,,,,,,,,,,,,,,,,,,,,,,,,,,,,,,,,,,,,,,,,,,,,,,,,,,,,,,,,,,,,,,,,,,,,,,,,,,,,,,,,,,,,,,
OperatingIncome,"6,832,000,000","1,313,000,000","1,833,000,000","2,147,000,000","1,546,000,000","1,960,000,000","2,403,000,000","2,073,000,000","459,000,000","4,266,000,000","1,938,000,000","2,386,000,000","2,041,000,000","4,824,000,000","3,467,000,000","3,268,000,000","1,727,000,000","4,652,000,000","3,126,000,000","2,533,000,000","1,548,000,000","5,004,000,000","3,380,000,000","3,279,000,000","1,530,000,000","5,127,000,000","3,631,000,000","4,112,000,000","3,048,000,000","5,817,000,000","4,485,000,000","5,173,000,000","3,015,000,000","7,042,000,000","4,878,000,000","4,175,000,000","3,662,000,000","8,790,000,000","4,288,000,000","4,856,000,000","3,639,000,000","7,091,000,000","4,966,000,000","4,784,000,000","3,449,000,000","6,687,000,000","4,369,000,000","4,294,000,000","2,790,000,000","6,027,000,000","4,145,000,000","4,033,000,000","2,687,000,000","5,575,000,000","3,737,000,000","3,008,000,000","2,337,000,000","7,220,000,000","2,479,000,000","2,171,000,000","1,647,000,000","4,495,000,000","2,827,000,000","2,576,000,000","2,030,000,000","4,054,000,000","2,659,000,000","801,000,000","1,862,000,000","4,101,000,000","2,249,000,000","2,467,000,000","2,158,000,000","3,752,000,000","2,202,000,000","2,312,000,000","1,823,000,000","2,547,000,000","2,123,000,000","784,000,000","1,183,000,000","1,315,000,000","2,389,000,000","2,994,000,000","2,597,000,000","3,880,000,000","2,814,000,000","2,807,000,000","2,133,000,000","3,022,000,000","2,680,000,000","4,085,000,000","2,140,000,000","736,000,000","2,170,000,000","2,114,000,000","1,552,000,000","3,033,000,000","2,004,000,000","2,222,000,000","1,839,000,000","2,461,000,000","1,968,000,000","2,186,000,000","1,981,000,000","671,000,000","2,028,000,000","2,774,000,000","2,118,000,000","2,021,000,000","1,216,000,000","1,078,000,000","691,000,000","496,000,000","-29,000,000","-8,834,000,000","-270,000,000","4,890,000,000","-4,041,000,000","1,389,000,000","1,168,000,000","-1,011,000,000","589,000,000","355,000,000","1,009,000,000","4,256,000,000","2,053,000,000","2,587,000,000","2,136,000,000","-35,355,000,000","14,305,000,000","15,213,000,000","12,730,000,000","-29,998,000,000","13,960,000,000","13,599,000,000","11,749,000,000","-28,464,000,000","12,727,000,000","8,510,000,000","6,500,000,000","-26,446,000,000","11,910,000,000","12,268,000,000","10,127,000,000","-21,671,000,000","11,698,000,000"
NetNonOperatingInterestIncomeExpense,"-1,103,000,000","-290,000,000","-277,000,000","-270,000,000","-266,000,000","-302,000,000","-308,000,000","-300,000,000","-275,000,000","-306,000,000","-369,000,000","-181,000,000","-140,000,000","-116,000,000","-121,000,000","-126,000,000","-94,000,000","-122,000,000","-130,000,000","-113,000,000","-105,000,000","-125,000,000","-136,000,000","-138,000,000","-123,000,000","-108,000,000","-101,000,000","-97,000,000","-89,000,000","-92,000,000","-105,000,000","-114,000,000","-83,000,000","-95,000,000","-84,000,000","-79,000,000","-71,000,000","-83,000,000","-102,000,000","-86,000,000","-79,000,000","-82,000,000","-68,000,000","-67,000,000","-129,000,000","-74,000,000","-72,000,000","-67,000,000","-63,000,000","-40,000,000","-76,000,000","-82,000,000","-111,000,000","-477,000,000","-85,000,000","574,000,000","596,000,000","-2,067,000,000","436,000,000","472,000,000","548,000,000","-71,000,000","-70,000,000","-72,000,000","-66,000,000",,,"-67,000,000","-49,000,000",,,,,,,,,,,,,,,,,,,,,,,,,,,,,,,,,,,,,,,,,,,,,,,,,,,,,,,,,,,,,,,,,,,,,,,,,,,,,,
	InterestIncomeNonOperating,"52,000,000","13,000,000","14,000,000","11,000,000","14,000,000","15,000,000","15,000,000","23,000,000","51,000,000","48,000,000","63,000,000","167,000,000","70,000,000","77,000,000","70,000,000","47,000,000","71,000,000","42,000,000","38,000,000","34,000,000","30,000,000","32,000,000","22,000,000","29,000,000","24,000,000","20,000,000","16,000,000","18,000,000","19,000,000","25,000,000","21,000,000","22,000,000","22,000,000","18,000,000","13,000,000","19,000,000","23,000,000","26,000,000","22,000,000","31,000,000","31,000,000","31,000,000","39,000,000","30,000,000",,"27,000,000","23,000,000","23,000,000","19,000,000","41,000,000","8,000,000","19,000,000","25,000,000",,"74,000,000","719,000,000","774,000,000",,"629,000,000","602,000,000","621,000,000",,,,,,,,,,,,,,,,,,,,,,,,,,,,,,,,,,,,,,,,,,,,,,,,,,,,,,,,,,,,,,,,,,,,,,,,,,,,,,,,,,,,,,
	InterestExpenseNonOperating,"1,155,000,000","303,000,000","291,000,000","281,000,000","280,000,000","317,000,000","323,000,000","323,000,000","326,000,000","354,000,000","432,000,000","348,000,000","210,000,000","193,000,000","191,000,000","173,000,000","165,000,000","164,000,000","168,000,000","147,000,000","135,000,000","157,000,000","158,000,000","167,000,000","147,000,000","128,000,000","117,000,000","115,000,000","108,000,000","117,000,000","126,000,000","136,000,000","105,000,000","113,000,000","97,000,000","98,000,000","94,000,000","109,000,000","124,000,000","117,000,000","110,000,000","113,000,000","107,000,000","97,000,000","129,000,000","101,000,000","95,000,000","90,000,000","82,000,000","81,000,000","84,000,000","101,000,000","136,000,000","191,000,000","159,000,000","145,000,000","178,000,000","215,000,000","193,000,000","130,000,000","73,000,000","71,000,000","70,000,000","72,000,000","66,000,000",,,"67,000,000","49,000,000",,,,,,,,,,,,,,,,,,,,,,,,,,,,,,,,,,,,,,,,,,,,,,,,,,,,,,,,,,,,,,,,,,,,,,,,,,,,,,
OtherIncomeExpense,"-890,000,000","38,000,000","-238,000,000","-326,000,000","-375,000,000","-370,000,000","-268,000,000","-200,000,000","-234,000,000","30,000,000","-46,000,000","562,000,000","-19,000,000","-272,000,000","-349,000,000","-367,000,000","-496,000,000","-59,000,000","70,000,000","24,000,000","-18,000,000","108,000,000","18,000,000","-92,000,000","-374,000,000","79,000,000","90,000,000","209,000,000","42,000,000","1,371,000,000","-20,000,000","111,000,000","49,000,000","18,000,000","19,000,000","48,000,000","14,000,000","-876,000,000","888,000,000","391,000,000","276,000,000","265,000,000","130,000,000","168,000,000","425,000,000","341,000,000","380,000,000","348,000,000","788,000,000","394,000,000","305,000,000","311,000,000","546,000,000","710,000,000","244,000,000","232,000,000","265,000,000","335,000,000","365,000,000","499,000,000","385,000,000","391,000,000","416,000,000","384,000,000","475,000,000","562,000,000","312,000,000","1,999,000,000","197,000,000","430,000,000","266,000,000","368,000,000","167,000,000","157,000,000","380,000,000","195,000,000","198,000,000","213,000,000","315,000,000","-156,000,000","538,000,000","2,039,000,000","-73,000,000","-34,000,000","-36,000,000","125,000,000","173,000,000","130,000,000","189,000,000",,,,,,,,,,"162,000,000","137,000,000","185,000,000",,"183,000,000","193,000,000","-285,000,000",,"-1,632,000,000","238,000,000","246,000,000",,"221,000,000","479,000,000","408,000,000","467,000,000","361,000,000","158,000,000","195,000,000","-11,474,000,000","90,000,000","140,000,000","172,000,000","178,000,000","67,000,000","157,000,000","200,000,000","95,000,000","82,000,000","123,000,000","195,000,000",,,,,,,,,,,,,,,,,,
	GainOnSaleOfSecurity,"132,000,000","230,000,000","11,000,000","-65,000,000","-45,000,000","-49,000,000","-2,000,000","30,000,000","30,000,000","30,000,000","39,000,000","118,000,000","107,000,000","105,000,000","21,000,000","38,000,000","-70,000,000","-37,000,000","-2,000,000","17,000,000","-22,000,000","37,000,000","-65,000,000","-82,000,000","-58,000,000","59,000,000","64,000,000","181,000,000","88,000,000","53,000,000","-11,000,000","-18,000,000","-54,000,000","25,000,000","34,000,000","47,000,000","18,000,000","1,000,000","122,000,000","100,000,000","17,000,000","332,000,000","-253,000,000","-156,000,000","159,000,000","-41,000,000","11,000,000","17,000,000","-81,000,000","-84,000,000","-47,000,000","73,000,000","-41,000,000",,,,,,,,,,,,,,,,,,,,,,,,,,,,,,,,,,,,,,,,,,,,,,,,,,,,,,,,,,,,,,,,,,,,,,,,,,,,,,,,,,,,,,,,,,,,,,
	SpecialIncomeCharges,"35,000,000","15,000,000","10,000,000",,,,,,,"-38,000,000","-14,000,000","-17,000,000","-20,000,000","-11,000,000","-4,000,000","-40,000,000","-13,000,000","-15,000,000","-7,000,000","-18,000,000","-15,000,000","3,000,000","32,000,000","-26,000,000","-97,000,000","-47,000,000","-27,000,000","-74,000,000","-83,000,000","-110,000,000","-102,000,000","-67,000,000","-55,000,000","-79,000,000","-30,000,000","-24,000,000","-23,000,000","-1,388,000,000","766,000,000","291,000,000","259,000,000","-67,000,000","383,000,000","324,000,000","266,000,000","382,000,000","369,000,000","331,000,000","869,000,000","478,000,000","352,000,000","238,000,000","587,000,000","710,000,000","244,000,000","232,000,000","265,000,000","335,000,000","365,000,000","499,000,000","385,000,000","391,000,000","416,000,000","384,000,000","475,000,000","562,000,000","312,000,000","1,999,000,000","197,000,000","430,000,000","266,000,000","368,000,000","167,000,000","157,000,000","380,000,000","195,000,000","198,000,000","213,000,000","315,000,000","-156,000,000","538,000,000","2,039,000,000","-73,000,000","-34,000,000","-36,000,000","125,000,000","173,000,000","130,000,000","189,000,000",,,,,,,,,,"162,000,000","137,000,000","185,000,000",,"183,000,000","193,000,000","-285,000,000","1,148,000,000","-1,632,000,000","238,000,000","246,000,000","-1,108,000,000","221,000,000","479,000,000","408,000,000","467,000,000","361,000,000","158,000,000","195,000,000","-11,474,000,000","90,000,000","140,000,000","172,000,000","178,000,000","67,000,000","157,000,000","200,000,000","95,000,000","82,000,000","123,000,000","195,000,000",,,,,,,,,,,,,,,,,,
		RestructuringAndMergernAcquisition,,,,,,,,,,,,,,,,,,,,,,,,,,,,,,,,,,,,,,,,,,,,,"3,000,000",,,,,,,,,,,,,,,,,,,,,,,,,,,,,,,,,,,,,,,,,,,,,,,,,,,,,,,,,,,,,,,,,,,,,,,,,,,,,,,,,,,,,,,,,,,,,,,,,,,,,,
		WriteOff,,,,,,,,,,"38,000,000","14,000,000","17,000,000","20,000,000","11,000,000","4,000,000","40,000,000","13,000,000","15,000,000","7,000,000","18,000,000","15,000,000","-3,000,000","-32,000,000","26,000,000","97,000,000","47,000,000","27,000,000","74,000,000","83,000,000","110,000,000","102,000,000","67,000,000","55,000,000","79,000,000","30,000,000","24,000,000","23,000,000",,,,,,,,,,,,,,,,,,,,,,,,,,,,,,,,,,,,,,,,,,,,,,,,,,,,,,,,,,,,,,,,,,,,,,,,,,,,,,,,,,,,,,,,,,,,,,,,,,,,,,,,,,,,,,
		OtherSpecialCharges,,,,,,,,,,,,,,,,,,,,,,,,,,,,,,,,,,,,,,,"-766,000,000","-291,000,000","-259,000,000","67,000,000","-383,000,000","-324,000,000","-269,000,000","-382,000,000","-369,000,000","-331,000,000","-869,000,000","-477,000,000","-350,000,000","-235,000,000","-587,000,000","-710,000,000","-244,000,000","-232,000,000","-265,000,000","-335,000,000","-365,000,000","-499,000,000","-385,000,000","-391,000,000","-416,000,000","-384,000,000","-475,000,000",,,"-1,999,000,000","-197,000,000",,,,,,,,,,,,,,,,,,,,,,,,,,,,,,,,,,,,,,,,,,,,,,,,,,,,,,,,,,,,,,,,,,,,,,,,,,,,,,
		GainOnSaleOfPPE,"35,000,000","15,000,000","10,000,000",,,,,,,,,,,,,,,,,,,,,,,,,,,,,,,,,,,,,,,,,,,,,,,"1,000,000","2,000,000","3,000,000","0",,,,,,,,,,,,,,,,,,,,,,,,,,,,,,,,,,,,,,,,,,,,,,,,,,,,,,,,,,,,,,,,,,,,,,,,,,,,,,,,,,,,,,,,,,,,,,
	OtherNonOperatingIncomeExpenses,"-1,057,000,000","-207,000,000","-259,000,000","-261,000,000","-330,000,000","-212,000,000","-266,000,000","-230,000,000","-264,000,000","38,000,000","-71,000,000","461,000,000","-106,000,000","-366,000,000","-366,000,000","-365,000,000","-413,000,000","-7,000,000","79,000,000","25,000,000","19,000,000","68,000,000","51,000,000","16,000,000","-219,000,000","67,000,000","53,000,000","102,000,000","37,000,000","1,428,000,000","93,000,000","196,000,000","158,000,000","72,000,000","15,000,000","25,000,000","19,000,000","47,000,000","606,000,000","132,000,000","58,000,000","44,000,000","-128,000,000","-97,000,000","202,000,000","42,000,000",,,,,,,,,,,,,,,,,,,,,,,,,,,,,,,,,,,,,,,,,,,,,,,,,,,,,,,,,,,,,,,,,,,,,,,,,,,,,,,,,,,,,,,,,,,,,,,,,,,,,
PretaxIncome,"4,837,000,000","1,061,000,000","1,319,000,000","1,552,000,000","905,000,000","1,289,000,000","1,827,000,000","1,571,000,000","-49,000,000","3,993,000,000","1,522,000,000","2,768,000,000","1,883,000,000","4,434,000,000","2,996,000,000","2,776,000,000","1,136,000,000","4,469,000,000","3,065,000,000","2,443,000,000","1,424,000,000","4,985,000,000","3,263,000,000","3,049,000,000","1,034,000,000","5,099,000,000","3,621,000,000","4,224,000,000","3,001,000,000","7,095,000,000","4,361,000,000","5,171,000,000","2,980,000,000","6,962,000,000","4,812,000,000","4,144,000,000","3,606,000,000","7,831,000,000","5,074,000,000","5,161,000,000","3,836,000,000","7,274,000,000","5,027,000,000","4,885,000,000","3,817,000,000","6,955,000,000","4,677,000,000","4,575,000,000","3,515,000,000","6,381,000,000","4,373,000,000","4,262,000,000","3,122,000,000","5,808,000,000","3,895,000,000","3,814,000,000","3,198,000,000","5,488,000,000","3,280,000,000","3,142,000,000","2,579,000,000","4,814,000,000","3,174,000,000","2,889,000,000","2,440,000,000","4,568,000,000","2,915,000,000","2,733,000,000","2,010,000,000","4,364,000,000","2,531,000,000","2,843,000,000","2,290,000,000","3,878,000,000","2,549,000,000","2,466,000,000","1,981,000,000","2,712,000,000","2,404,000,000","595,000,000","1,691,000,000","3,300,000,000","2,262,000,000","2,902,000,000","2,489,000,000","3,787,000,000","2,804,000,000","2,773,000,000","2,170,000,000","2,985,000,000","2,629,000,000","4,043,000,000","2,100,000,000","3,302,000,000","2,132,000,000","2,083,000,000","1,523,000,000","3,012,000,000","1,983,000,000","2,180,000,000","1,852,000,000","2,887,000,000","1,979,000,000","2,174,000,000","1,547,000,000","2,568,000,000","237,000,000","2,824,000,000","2,184,000,000","2,073,000,000","1,204,000,000","1,193,000,000","685,000,000","663,000,000","-14,000,000","-8,998,000,000","-380,000,000","-6,948,000,000","-4,286,000,000","1,217,000,000","991,000,000","-1,281,000,000","308,000,000","207,000,000","887,000,000","3,994,000,000","1,909,000,000","2,473,000,000","1,827,000,000",,,,,,,,,,,,,,,,,,
TaxProvision,"124,000,000","-241,000,000","188,000,000","227,000,000","-51,000,000","24,000,000","128,000,000","209,000,000","-1,226,000,000","324,000,000","-151,000,000","269,000,000","289,000,000","2,481,000,000","304,000,000","373,000,000","-540,000,000","5,522,000,000","339,000,000","111,000,000","-329,000,000","480,000,000","409,000,000","544,000,000","-983,000,000","638,000,000","659,000,000","698,000,000","585,000,000","1,579,000,000","906,000,000","1,034,000,000","596,000,000","778,000,000","772,000,000","918,000,000","574,000,000","1,998,000,000","1,251,000,000","1,280,000,000","769,000,000","1,784,000,000","1,188,000,000","1,221,000,000","954,000,000","1,698,000,000","1,088,000,000","1,190,000,000","914,000,000","1,568,000,000","1,159,000,000","1,159,000,000","827,000,000","1,382,000,000","1,071,000,000","1,049,000,000","879,000,000","1,537,000,000","918,000,000","881,000,000","735,000,000","1,350,000,000","952,000,000","867,000,000","732,000,000","1,348,000,000","1,399,000,000","882,000,000","603,000,000","1,309,000,000","731,000,000","853,000,000","687,000,000","1,162,000,000","764,000,000","741,000,000","594,000,000","801,000,000","710,000,000","150,000,000","499,000,000","967,000,000","667,000,000","857,000,000","739,000,000","1,117,000,000","841,000,000","832,000,000","651,000,000","896,000,000","867,000,000","1,652,000,000","630,000,000","956,000,000","638,000,000","631,000,000","487,000,000","919,000,000","624,000,000","734,000,000","657,000,000","864,000,000","694,000,000","827,000,000","773,000,000","857,000,000","775,000,000","1,108,000,000","895,000,000","842,000,000","494,000,000","504,000,000","293,000,000","281,000,000","34,000,000","-962,000,000","-95,000,000","-1,485,000,000","-1,508,000,000","503,000,000","396,000,000","101,000,000","136,000,000","93,000,000","355,000,000","1,533,000,000","797,000,000","1,063,000,000","790,000,000",,,,,,,,,,,,,,,,,,
NetIncomeCommonStockholders,"5,743,000,000","2,333,000,000","1,130,000,000","1,325,000,000","955,000,000","1,355,000,000","1,697,000,000","1,361,000,000","1,175,000,000","3,670,000,000","1,672,000,000","2,498,000,000","1,591,000,000","1,951,000,000","2,694,000,000","2,404,000,000","1,679,000,000","-1,054,000,000","2,726,000,000","2,331,000,000","1,750,000,000","4,501,000,000","2,853,000,000","2,504,000,000","2,014,000,000","4,463,000,000","2,950,000,000","3,449,000,000","2,328,000,000","5,483,000,000","18,000,000","4,137,000,000","2,384,000,000","6,184,000,000","4,041,000,000","3,226,000,000","3,032,000,000","5,833,000,000","3,824,000,000","3,881,000,000","3,066,000,000","5,490,000,000","3,839,000,000","3,664,000,000","2,863,000,000","5,257,000,000","3,589,000,000","3,386,000,000","2,601,000,000","4,813,000,000","3,214,000,000","3,103,000,000","2,295,000,000","4,427,000,000","2,824,000,000","2,765,000,000","2,319,000,000","3,952,000,000","2,361,000,000","2,260,000,000","1,844,000,000","3,540,000,000","2,222,000,000","2,022,000,000","1,708,000,000","3,187,000,000","1,516,000,000","1,829,000,000","1,402,000,000","3,040,000,000","1,800,000,000","1,988,000,000","1,602,000,000","2,709,000,000","1,785,000,000","1,705,000,000","1,384,000,000","1,018,000,000","1,313,000,000","56,000,000","1,192,000,000","2,333,000,000","1,595,000,000","2,040,000,000","1,745,000,000","2,665,000,000","1,958,000,000","1,936,000,000","1,514,000,000","2,084,000,000","1,757,000,000","2,386,000,000","1,465,000,000","2,341,000,000","1,489,000,000","1,447,000,000","1,031,000,000","2,088,000,000","1,354,000,000","1,441,000,000","1,190,000,000","2,018,000,000","1,280,000,000","1,342,000,000","769,000,000","1,706,000,000","-543,000,000","1,711,000,000","1,242,000,000","1,210,000,000","689,000,000","668,000,000","371,000,000","248,000,000","-70,000,000","-8,041,000,000","-285,000,000","-5,463,000,000","-2,778,000,000","714,000,000","595,000,000","-1,382,000,000","172,000,000","114,000,000","532,000,000","2,461,000,000","1,112,000,000","1,410,000,000","1,037,000,000",,,,,,,,,,,,,,,,,,
	NetIncome,"5,742,000,000","2,332,000,000","1,130,000,000","1,325,000,000","955,000,000","1,355,000,000","1,697,000,000","1,361,000,000","1,175,000,000","3,670,000,000","1,672,000,000","2,498,000,000","1,591,000,000","1,951,000,000","2,694,000,000","2,403,000,000","1,679,000,000","-1,055,000,000","2,726,000,000","2,331,000,000","1,750,000,000","4,501,000,000","2,853,000,000","2,505,000,000","2,013,000,000","4,462,000,000","2,950,000,000","3,449,000,000","2,327,000,000","5,483,000,000","18,000,000","4,137,000,000","2,384,000,000","6,184,000,000","4,041,000,000","3,226,000,000","3,032,000,000","5,833,000,000","3,824,000,000","3,881,000,000","3,066,000,000","5,490,000,000","3,839,000,000","3,664,000,000","2,863,000,000","5,257,000,000","3,589,000,000","3,386,000,000","2,601,000,000","4,813,000,000","3,214,000,000","3,103,000,000","2,295,000,000","4,427,000,000","2,824,000,000","2,765,000,000","2,319,000,000","3,952,000,000","2,361,000,000","2,260,000,000","1,844,000,000","3,540,000,000","2,222,000,000","2,022,000,000","1,708,000,000","3,187,000,000","1,516,000,000","1,829,000,000","1,402,000,000","3,040,000,000","1,800,000,000","1,988,000,000","1,602,000,000","2,709,000,000","1,785,000,000","1,705,000,000","1,384,000,000","1,018,000,000","1,313,000,000","56,000,000","1,192,000,000","2,333,000,000","1,595,000,000","2,045,000,000","1,750,000,000","2,670,000,000","1,963,000,000","1,941,000,000","1,519,000,000","2,089,000,000","1,762,000,000","2,391,000,000","1,470,000,000","2,346,000,000","1,494,000,000","1,452,000,000","1,036,000,000","2,093,000,000","1,359,000,000","1,446,000,000","1,195,000,000","2,023,000,000","1,285,000,000","1,347,000,000","774,000,000","1,711,000,000","-538,000,000","1,716,000,000","1,289,000,000","1,231,000,000","710,000,000","689,000,000","392,000,000","268,000,000","-48,000,000","-8,036,000,000","-285,000,000","-5,463,000,000","-2,778,000,000","714,000,000","595,000,000","-1,382,000,000","172,000,000","114,000,000","532,000,000","2,461,000,000","1,112,000,000","1,410,000,000","1,037,000,000",,,,,,,,,,,,,,,,,,
		NetIncomeIncludingNoncontrollingInterests,"5,742,000,000","2,332,000,000","1,130,000,000","1,325,000,000","955,000,000","1,355,000,000","1,697,000,000","1,361,000,000","1,175,000,000","3,670,000,000","1,672,000,000","2,498,000,000","1,591,000,000","1,951,000,000","2,694,000,000","2,403,000,000","1,679,000,000","-1,055,000,000","2,726,000,000","2,331,000,000","1,750,000,000","4,501,000,000","2,853,000,000","2,505,000,000","2,013,000,000","4,462,000,000","2,950,000,000","3,449,000,000","2,327,000,000","5,483,000,000","18,000,000","4,137,000,000","2,384,000,000","6,184,000,000","4,041,000,000","3,226,000,000","3,032,000,000","5,833,000,000","3,824,000,000","3,881,000,000","3,066,000,000","5,490,000,000","3,839,000,000","3,664,000,000","2,863,000,000","5,257,000,000","3,589,000,000","3,386,000,000","2,601,000,000","4,813,000,000","3,214,000,000","3,103,000,000","2,295,000,000","4,427,000,000","2,824,000,000","2,765,000,000","2,319,000,000","3,952,000,000","2,361,000,000","2,260,000,000","1,844,000,000","3,540,000,000","2,222,000,000","2,022,000,000","1,708,000,000","3,187,000,000","1,516,000,000","1,829,000,000","1,402,000,000","3,040,000,000","1,800,000,000","1,988,000,000","1,602,000,000","2,709,000,000","1,785,000,000","1,705,000,000","1,384,000,000","1,018,000,000","1,313,000,000","56,000,000","1,192,000,000","2,333,000,000","1,595,000,000","2,045,000,000","1,750,000,000","2,670,000,000","1,963,000,000","1,941,000,000","1,519,000,000","2,089,000,000","1,762,000,000","2,391,000,000","1,470,000,000","2,346,000,000","1,494,000,000","1,452,000,000","1,036,000,000","2,093,000,000","1,359,000,000","1,446,000,000","1,195,000,000","2,023,000,000","1,285,000,000","1,347,000,000","774,000,000","1,711,000,000","-538,000,000","1,716,000,000","1,289,000,000","1,231,000,000","710,000,000","689,000,000","392,000,000","268,000,000","-48,000,000","-8,036,000,000","-285,000,000","-5,463,000,000","-2,778,000,000","714,000,000","595,000,000","-1,382,000,000","172,000,000","114,000,000","532,000,000","2,461,000,000","1,112,000,000","1,410,000,000","1,037,000,000","591,000,000","877,000,000","1,340,000,000","950,000,000","2,347,000,000","1,247,000,000","964,000,000","913,000,000","2,087,000,000","1,208,000,000","1,178,000,000","785,000,000","1,390,000,000","1,077,000,000","1,305,000,000","1,017,000,000","2,681,000,000","1,474,000,000"
			NetIncomeContinuousOperations,"4,712,000,000","1,301,000,000","1,130,000,000","1,325,000,000","956,000,000","1,264,000,000","1,698,000,000","1,362,000,000","1,176,000,000","3,669,000,000","1,673,000,000","2,499,000,000","1,593,000,000","1,953,000,000","2,692,000,000","2,402,000,000","1,675,000,000","-1,053,000,000","2,726,000,000","2,332,000,000","1,753,000,000","4,506,000,000","2,854,000,000","2,505,000,000","2,016,000,000","4,460,000,000","2,962,000,000","3,526,000,000","2,415,000,000","5,514,000,000","3,455,000,000","4,137,000,000","2,384,000,000","6,184,000,000","4,041,000,000","3,226,000,000","3,032,000,000","5,833,000,000","3,823,000,000","3,881,000,000","3,067,000,000","5,490,000,000","3,839,000,000","3,664,000,000","2,863,000,000","5,257,000,000","3,589,000,000","3,385,000,000","2,601,000,000","4,813,000,000","3,214,000,000","3,103,000,000","2,295,000,000","4,427,000,000","2,824,000,000","2,765,000,000","2,319,000,000","3,951,000,000","2,362,000,000","2,261,000,000","1,844,000,000","3,464,000,000","2,222,000,000","2,022,000,000","1,708,000,000","3,220,000,000","1,516,000,000","1,851,000,000","1,407,000,000","3,055,000,000","1,800,000,000","1,990,000,000","1,603,000,000","2,716,000,000","1,785,000,000","1,725,000,000","1,387,000,000","1,911,000,000","1,694,000,000","445,000,000","1,192,000,000","2,333,000,000","1,595,000,000","2,045,000,000","1,750,000,000","2,670,000,000","1,963,000,000","1,941,000,000","1,519,000,000","2,089,000,000","1,762,000,000","2,391,000,000","1,470,000,000","2,346,000,000","1,494,000,000","1,452,000,000","1,036,000,000","2,093,000,000","1,359,000,000","1,446,000,000","1,195,000,000","2,023,000,000","1,285,000,000","1,347,000,000","774,000,000","1,711,000,000","-538,000,000","1,716,000,000","1,289,000,000","1,231,000,000","710,000,000","689,000,000","392,000,000","382,000,000","-48,000,000","-8,036,000,000","-285,000,000","-5,463,000,000","-2,778,000,000","714,000,000","595,000,000","-1,382,000,000","172,000,000","114,000,000","532,000,000","2,461,000,000","1,112,000,000","1,410,000,000","1,037,000,000","591,000,000","877,000,000","1,340,000,000","950,000,000","2,347,000,000","1,247,000,000","964,000,000","913,000,000","2,087,000,000","1,208,000,000","1,178,000,000","785,000,000","1,390,000,000","1,077,000,000","1,305,000,000","1,017,000,000","2,681,000,000","1,474,000,000"
			NetIncomeDiscontinuousOperations,"1,030,000,000","1,031,000,000","0","0","-1,000,000","91,000,000","-1,000,000","-1,000,000","-1,000,000","1,000,000","-1,000,000","-1,000,000","-2,000,000","-2,000,000","2,000,000","1,000,000","4,000,000","-2,000,000","0","-1,000,000","-3,000,000","-5,000,000","-1,000,000","0","-3,000,000","2,000,000","-12,000,000","-77,000,000","-88,000,000","-31,000,000","-3,437,000,000",,,,,,,,,,,,,,,,,,,,,,,"0","0","0",,"1,000,000","-1,000,000","-1,000,000",,"76,000,000","0","0","0","3,000,000",,"-22,000,000","-5,000,000","-15,000,000",,"-2,000,000","-1,000,000","-7,000,000",,"-20,000,000","-3,000,000","-893,000,000","-381,000,000","-389,000,000",,,,,,,,,,,,,,,,,,,,,,,,,,,,,,,,,,,,,,,,,,,,,,,,,,,,,,,,,,,,,,,,,,,
			NetIncomeExtraordinary,,,,,,,,,,,,,,,,,,,,,,,,,,,,,,,,,,,,,,,,,,,,,,,,,,,,,,,,,,,,,,,,,,,,,,,,,,,,,,,,,,,,,,,,,,,,,,,,,,,,,,,,,,,,,,,,,,,,,,"0",,,,,,,,,,,,,,,,,,,,,,,,,,,,,
			NetIncomeFromTaxLossCarryforward,,,,,,,,,,,,,,,,,,,,,,,,,,,,,,,,,,,,,,,"1,000,000",,"-1,000,000",,,,,,,"1,000,000",,,,,,,,,,,,,,,,,,,,,,,,,,,,,,,,,,,,,,,,,,,,,,,,,,,,,,,,,,,,,,,,,,,,,,,,,,,,,,,,,,,,,,,,,,,,,,,,,,,
	PreferredStockDividends,,,,,,,,,,,,,,,,,,,,,,,,,,,,,,,,,,,,,,,,,,,,,,,,,,,,,,,,,,,,,,,,,,,,,,,,,,,,,,,,,,"0",,"5,000,000","5,000,000","5,000,000","5,000,000","5,000,000","5,000,000","5,000,000","5,000,000","5,000,000","5,000,000","5,000,000","5,000,000","5,000,000","5,000,000","5,000,000","5,000,000","5,000,000","5,000,000","5,000,000","5,000,000","5,000,000","5,000,000","5,000,000","5,000,000","5,000,000","47,000,000","21,000,000","21,000,000","21,000,000","21,000,000","20,000,000","22,000,000","5,000,000",,,,,,,,,,,,,,,,,,,,,,,,,,,,,,,
AverageDilutionEarnings,"0","0","0",,"0","0","0","0","-2,000,000","-1,000,000","0","1,000,000",,,,"-1,000,000",,"-1,000,000","0",,,,,,,,,,,,,,,,,,,,,,,,,,,,,,,,,,,,,,,,,,,,,,,,,,,,,,,,,,,,,,,,,,,,,,,,,,,,,,,,,,,,,,,,,,,,,,,,,,,,,,,,,,,,,,,,,,,,,,,,,,,,,,,,
DilutedNIAvailtoComStockholders,"5,743,000,000","2,333,000,000","1,130,000,000","1,325,000,000","955,000,000","1,355,000,000","1,697,000,000","1,361,000,000","1,173,000,000","3,669,000,000","1,672,000,000","2,499,000,000","1,591,000,000","1,945,000,000","2,694,000,000","2,403,000,000","1,679,000,000","-1,054,000,000","2,726,000,000","2,331,000,000","1,750,000,000","4,501,000,000","2,853,000,000","2,504,000,000","2,014,000,000","4,462,000,000","2,950,000,000","3,449,000,000","2,328,000,000","5,481,000,000","18,000,000","4,137,000,000","2,384,000,000","6,184,000,000","4,041,000,000","3,226,000,000","3,032,000,000","5,833,000,000","3,824,000,000","3,881,000,000","3,066,000,000","5,490,000,000","3,839,000,000","3,664,000,000","2,863,000,000","5,257,000,000","3,589,000,000","3,386,000,000","2,601,000,000","4,813,000,000","3,214,000,000","3,103,000,000","2,295,000,000","4,427,000,000","2,824,000,000","2,765,000,000","2,319,000,000","3,952,000,000","2,361,000,000","2,260,000,000","1,844,000,000","3,540,000,000","2,222,000,000","2,022,000,000","1,708,000,000","3,187,000,000","1,516,000,000","1,829,000,000","1,402,000,000","3,040,000,000","1,800,000,000","1,988,000,000","1,602,000,000","2,709,000,000","1,785,000,000","1,705,000,000","1,384,000,000","1,018,000,000","1,313,000,000","56,000,000","1,192,000,000","2,333,000,000","1,595,000,000","2,040,000,000","1,745,000,000","2,665,000,000","1,958,000,000","1,936,000,000","1,514,000,000","2,084,000,000","1,757,000,000","2,386,000,000","1,465,000,000","2,341,000,000","1,489,000,000","1,447,000,000","1,031,000,000","2,088,000,000","1,354,000,000","1,441,000,000","1,190,000,000","2,018,000,000","1,280,000,000","1,342,000,000","769,000,000","1,706,000,000","-543,000,000","1,711,000,000","1,242,000,000","1,210,000,000","689,000,000","668,000,000","371,000,000","248,000,000","-70,000,000","-8,041,000,000","-285,000,000","-5,463,000,000","-2,778,000,000","714,000,000","595,000,000","-1,382,000,000","172,000,000","114,000,000","532,000,000","2,461,000,000","1,112,000,000","1,410,000,000","1,037,000,000",,,,,,,,,,,,,,,,,,
BasicEPS,,"2.6","1.26","1.48","1.07","1.52","1.9","1.53","1.32","4.14","1.89","2.82","1.79","2.17","2.95","2.63","1.82","-1.14","2.93","2.49","1.86","4.74","2.99","2.62","2.09","4.6","3.03","3.51","2.36","5.54","0.02","4.14","2.3","5.77","3.7","2.93","2.72","5.19","3.36","3.38","2.65","4.68","3.23","3.04","2.34","4.24","2.86","2.65","2","3.65","2.44","2.34","1.71",,"2.09","2.02","1.68",,"1.72","1.57","1.23",,"1.47","1.31","1.09",,"0.95","1.14","0.86",,"1.08","1.18","0.95",,"1.04","0.99","0.8",,"0.78","0.03","0.69",,"0.92","1.17","1",,"1.11","1.1","0.85",,"0.97","1.32","0.8",,"0.8","0.77","0.54",,"0.69","0.73","0.59",,"0.62","0.63","0.36",,"-0.23","0.75","0.53",,"0.3","0.29","0.16",,"-0.03","-3.53","-0.13",,"-1.22","0.32","0.26",,"0.08","0.05","0.24",,"0.49","0.62","0.46",,"0.38","0.58","0.41",,"0.53","0.41","0.39",,"0.5","0.49","0.33",,"0.44","0.53","0.42",,"0.6"
DilutedEPS,,"2.57","1.25","1.47","1.06","1.51","1.89","1.52","1.31","4.11","1.87","2.81","1.78","2.15","2.94","2.61","1.81","-1.14","2.92","2.48","1.85","4.72","2.98","2.61","2.09","4.59","3.01","3.5","2.35","5.51","0.02","4.12","2.29","5.73","3.68","2.91","2.7","5.13","3.33","3.34","2.61","4.62","3.19","3","2.31","4.18","2.82","2.61","1.97","3.59","2.4","2.32","1.7",,"2.05","1.98","1.65",,"1.68","1.55","1.21",,"1.45","1.3","1.08",,"0.94","1.12","0.84",,"1.06","1.16","0.93",,"1.02","0.97","0.79",,"0.76","0.03","0.68",,"0.9","1.15","0.98",,"1.08","1.06","0.83",,"0.93","1.28","0.78",,"0.78","0.75","0.53",,"0.68","0.72","0.58",,"0.6","0.62","0.35",,"-0.23","0.73","0.52",,"0.3","0.29","0.16",,"-0.03","-3.53","-0.13",,"-1.22","0.32","0.26",,"0.08","0.05","0.24",,"0.49","0.62","0.46",,"0.38","0.58","0.41",,"0.53","0.41","0.39",,"0.5","0.49","0.33",,"0.44","0.53","0.42",,"0.6"
BasicAverageShares,,"898,200,000","897,100,000","895,000,000","893,600,000","892,600,000","891,400,000","889,400,000","888,000,000","887,100,000","886,000,000","886,300,000","889,600,000","901,300,000","911,200,000","915,100,000","920,700,000","924,500,000","929,400,000","934,900,000","942,400,000","948,600,000","954,000,000","957,400,000","961,700,000","969,400,000","975,100,000","982,300,000","988,100,000","990,400,000","991,800,000","999,600,000","1,035,200,000","1,072,500,000","1,090,900,000","1,100,900,000","1,113,700,000","1,124,700,000","1,137,200,000","1,149,000,000","1,159,100,000","1,172,200,000","1,188,600,000","1,204,800,000","1,222,200,000","1,240,100,000","1,255,200,000","1,278,600,000","1,301,200,000","1,318,400,000","1,319,900,000","1,326,100,000","1,344,300,000",,"1,350,700,000","1,366,300,000","1,383,000,000",,"1,371,400,000","1,437,200,000","1,499,500,000",,"1,513,200,000","1,538,100,000","1,564,500,000",,"1,591,300,000","1,603,900,000","1,628,700,000",,"1,669,600,000","1,679,600,000","1,691,700,000",,"1,722,600,000","1,729,800,000","1,725,300,000",,"1,690,500,000","1,705,000,000","1,718,400,000",,"1,731,800,000","1,738,200,000","1,740,900,000",,"1,758,100,000","1,767,600,000","1,777,200,000",,"1,805,200,000","1,812,100,000","1,823,800,000",,"1,856,800,000","1,879,200,000","1,900,400,000",,"1,956,000,000","1,973,800,000","2,006,800,000",,"2,087,200,000","2,135,600,000","2,177,200,000",,"2,258,400,000","2,301,600,000","2,340,800,000",,"2,345,200,000","2,336,000,000","2,328,400,000",,"2,333,333,333","2,277,903,683","2,192,307,692",,"2,277,049,180","2,231,250,000","2,288,461,538",,"2,150,000,000","2,280,000,000","2,216,666,667",,"2,269,387,755","2,274,193,548","2,254,347,826",,"2,315,104,000","2,340,768,000","2,368,508,000",,"2,367,760,000","2,372,552,000","2,388,208,000",,"2,423,692,000","2,423,692,000","2,423,692,000",,"2,462,400,000","2,462,400,000","2,461,672,000",,"2,454,832,000"
DilutedAverageShares,,"906,600,000","906,000,000","904,200,000","901,700,000","899,000,000","897,300,000","894,900,000","895,000,000","893,700,000","892,800,000","890,800,000","893,900,000","905,200,000","915,200,000","919,400,000","925,400,000","928,900,000","933,200,000","939,600,000","947,800,000","952,700,000","957,300,000","960,500,000","964,400,000","972,800,000","979,000,000","986,700,000","992,300,000","995,400,000","997,700,000","1,005,100,000","1,041,800,000","1,080,000,000","1,098,800,000","1,109,400,000","1,124,000,000","1,136,400,000","1,149,300,000","1,161,900,000","1,174,200,000","1,188,700,000","1,204,900,000","1,221,400,000","1,240,000,000","1,258,400,000","1,272,800,000","1,296,700,000","1,321,600,000","1,340,700,000","1,338,200,000","1,336,900,000","1,349,500,000",,"1,379,100,000","1,395,800,000","1,404,300,000",,"1,405,800,000","1,460,800,000","1,522,800,000",,"1,534,300,000","1,560,100,000","1,587,200,000",,"1,617,200,000","1,627,900,000","1,660,600,000",,"1,700,400,000","1,713,400,000","1,730,100,000",,"1,756,400,000","1,763,700,000","1,758,500,000",,"1,711,700,000","1,730,400,000","1,753,000,000",,"1,767,900,000","1,777,700,000","1,781,200,000",,"1,809,800,000","1,818,000,000","1,830,000,000",,"1,869,600,000","1,870,600,000","1,882,900,000",,"1,909,000,000","1,928,600,000","1,946,600,000",,"1,956,000,000","1,973,800,000","2,006,800,000",,"2,087,200,000","2,135,600,000","2,177,200,000",,"2,258,400,000","2,301,600,000","2,340,800,000",,"2,345,200,000","2,336,000,000","2,328,400,000",,"2,333,333,333","2,277,903,683","2,192,307,692",,"2,277,049,180","2,231,250,000","2,288,461,538",,"2,150,000,000","2,280,000,000","2,216,666,667",,"2,269,387,755","2,274,193,548","2,254,347,826",,"2,315,104,000","2,340,768,000","2,368,508,000",,"2,367,760,000","2,372,552,000","2,388,208,000",,"2,423,692,000","2,423,692,000","2,423,692,000",,"2,462,400,000","2,462,400,000","2,461,672,000",,"2,454,832,000"
TotalExpenses,"50,519,000,000","1,945,000,000","15,785,000,000","16,598,000,000","16,183,000,000","18,407,000,000","15,157,000,000","16,050,000,000","17,112,000,000","17,511,000,000","16,090,000,000","16,775,000,000","16,141,000,000","16,936,000,000","15,289,000,000","16,735,000,000","17,345,000,000","17,891,000,000","16,027,000,000","16,756,000,000","16,607,000,000","16,766,000,000","15,846,000,000","16,959,000,000","17,155,000,000","16,931,000,000","15,649,000,000","16,701,000,000","16,542,000,000","18,296,000,000","17,912,000,000","19,191,000,000","19,469,000,000","20,657,000,000","18,843,000,000","20,749,000,000","19,746,000,000","20,514,000,000","20,459,000,000","20,927,000,000","21,034,000,000","22,395,000,000","21,191,000,000","21,882,000,000","21,158,000,000","22,331,000,000","19,902,000,000","19,430,000,000","20,066,000,000","21,203,000,000","19,421,000,000","19,217,000,000","19,024,000,000","21,432,000,000","21,565,000,000","23,170,000,000","21,525,000,000","23,498,000,000","21,011,000,000","20,999,000,000","19,761,000,000","21,763,000,000","19,790,000,000","19,314,000,000","18,629,000,000","20,373,000,000","18,870,000,000","21,469,000,000","21,046,000,000","23,360,000,000","21,180,000,000","20,686,000,000","20,092,000,000","22,161,000,000","19,320,000,000","19,319,000,000","18,242,000,000","21,137,000,000","17,698,000,000","18,867,000,000","17,368,000,000","21,511,000,000","18,039,000,000","18,574,000,000","18,447,000,000","21,736,000,000","18,967,000,000","18,844,000,000","17,215,000,000","21,160,000,000","18,464,000,000","17,820,000,000","18,177,000,000","21,803,000,000","17,925,000,000","16,709,000,000","16,066,000,000","20,690,000,000","16,601,000,000","16,650,000,000","15,469,000,000","19,058,000,000","16,094,000,000","15,997,000,000","14,578,000,000","21,249,000,000","14,726,000,000","14,757,000,000","13,617,000,000","17,875,000,000","14,215,000,000","14,273,000,000","12,682,000,000","18,900,000,000","14,772,000,000","24,353,000,000","13,328,000,000","14,670,000,000","18,743,000,000","14,835,000,000","12,869,000,000","23,093,000,000","13,844,000,000","14,377,000,000","12,536,000,000","18,805,000,000","13,224,000,000","13,908,000,000","12,049,000,000",,,,,,,,,,,,,,,,,,
NetIncomeFromContinuingAndDiscontinuedOperation,"5,742,000,000","2,332,000,000","1,130,000,000","1,325,000,000","955,000,000","1,355,000,000","1,697,000,000","1,361,000,000","1,175,000,000","3,670,000,000","1,672,000,000","2,498,000,000","1,591,000,000","1,951,000,000","2,694,000,000","2,403,000,000","1,679,000,000","-1,055,000,000","2,726,000,000","2,331,000,000","1,750,000,000","4,501,000,000","2,853,000,000","2,505,000,000","2,013,000,000","4,462,000,000","2,950,000,000","3,449,000,000","2,327,000,000","5,483,000,000","18,000,000","4,137,000,000","2,384,000,000","6,184,000,000","4,041,000,000","3,226,000,000","3,032,000,000","5,833,000,000","3,823,000,000","3,881,000,000","3,067,000,000","5,490,000,000","3,839,000,000","3,664,000,000","2,863,000,000","5,257,000,000","3,589,000,000","3,385,000,000","2,601,000,000","4,813,000,000","3,214,000,000","3,103,000,000","2,295,000,000","4,427,000,000","2,824,000,000","2,765,000,000","2,319,000,000","3,952,000,000","2,361,000,000","2,260,000,000","1,844,000,000","3,540,000,000","2,222,000,000","2,022,000,000","1,708,000,000","3,223,000,000","1,516,000,000","1,829,000,000","1,402,000,000","3,040,000,000","1,800,000,000","1,988,000,000","1,602,000,000","2,709,000,000","1,785,000,000","1,705,000,000","1,384,000,000","1,018,000,000","1,313,000,000","56,000,000","1,192,000,000","2,333,000,000","1,595,000,000","2,045,000,000","1,750,000,000","2,670,000,000","1,963,000,000","1,941,000,000","1,519,000,000","2,089,000,000","1,762,000,000","2,391,000,000","1,470,000,000","2,346,000,000","1,494,000,000","1,452,000,000","1,036,000,000","2,093,000,000","1,359,000,000","1,446,000,000","1,195,000,000","2,023,000,000","1,285,000,000","1,347,000,000","774,000,000","1,711,000,000","-538,000,000","1,716,000,000","1,289,000,000","1,231,000,000","710,000,000","689,000,000","392,000,000","382,000,000","-48,000,000","-8,036,000,000","-285,000,000","-5,463,000,000","-2,778,000,000","714,000,000","595,000,000","-1,382,000,000","172,000,000","114,000,000","532,000,000","2,461,000,000","1,112,000,000","1,410,000,000","1,037,000,000",,,,,,,,,,,,,,,,,,
NormalizedIncome,"4,549,342,000","1,122,150,000","1,112,003,000","1,380,445,000","988,850,000","1,419,058,184.639","1,699,860,000","1,335,990,000","1,154,100,000","3,676,350,864.012","1,654,750,000","2,407,797,000","1,519,398,000","1,884,380,000","2,676,734,000","2,403,730,000","1,735,590,000","-1,021,800,000","2,734,010,000","2,332,955,000","1,775,200,000","4,469,851,554.664","2,882,875,000","2,593,776,000","2,109,000,000","4,449,501,470.877","2,931,734,000","3,436,655,000","2,410,975,000","5,558,314,587.738","3,544,496,000","4,205,000,000","2,471,200,000","6,231,965,527.147","4,037,640,000","3,208,083,000","3,036,205,000","6,866,121,057.336","3,153,937,327.552","3,586,973,454.757","2,846,329,509.906","5,289,993,126.203","3,739,722,100.656","3,537,991,402.252","2,544,222,164.003","4,999,252,048.886","3,297,398,546.077","3,127,518,032.787","2,017,902,418.208","4,515,817,426.736","2,989,835,810.656","2,876,572,735.805","1,893,632,286.996","3,885,942,837.466","2,647,092,169.448","2,596,809,124.279","2,126,837,711.069","3,709,821,975.219","2,099,155,487.805","1,901,916,931.891","1,568,722,760.76","3,182,648,940.59","1,930,773,787.02","1,753,239,875.389","1,375,500,000","2,823,844,133.1","1,328,800,000","497,121,844.127","1,269,100,000","2,753,980,293.309","1,610,825,760.569","1,732,412,944.073","1,486,100,000","2,606,043,321.3","1,518,895,645.351","1,588,594,890.511","1,248,370,015.144","1,760,910,398.23","1,472,032,445.923","561,672,268.908","812,759,314.015","891,488,787.879","1,646,474,358.974","2,068,959,338.387","1,775,311,370.028","2,581,869,553.736","1,841,887,660.485","1,850,004,688.063","1,386,700,000","2,089,000,000","1,762,000,000","2,391,000,000","1,470,000,000","2,346,000,000","1,494,000,000","1,452,000,000","1,036,000,000","2,093,000,000","1,247,977,307.11","1,355,127,522.936","1,075,629,049.676","2,023,000,000","1,166,174,835.776","1,227,418,123.275","945,000,000","946,113,707.165","441,200,000","1,571,379,603.399","1,141,400,000","1,895,800,000","577,400,000","401,600,000","147,200,000","101,800,000","-264,600,000","-8,177,107,801.734","-431,250,000","3,558,655,440.415","-2,836,334,111.059","630,000,000","491,730,575.177","-1,488,800,000","131,800,000","19,800,000","412,000,000","2,402,463,445.168","1,062,800,000","1,336,200,000","920,000,000",,,,,,,,,,,,,,,,,,
InterestIncome,"52,000,000","13,000,000","14,000,000","11,000,000","14,000,000","15,000,000","15,000,000","23,000,000","51,000,000","48,000,000","63,000,000","167,000,000","70,000,000","77,000,000","70,000,000","47,000,000","71,000,000","42,000,000","38,000,000","34,000,000","30,000,000","32,000,000","22,000,000","29,000,000","24,000,000","20,000,000","16,000,000","18,000,000","19,000,000","25,000,000","21,000,000","22,000,000","22,000,000","18,000,000","13,000,000","19,000,000","23,000,000","26,000,000","22,000,000","31,000,000","31,000,000","31,000,000","39,000,000","30,000,000",,"27,000,000","23,000,000","23,000,000","19,000,000","41,000,000","8,000,000","19,000,000","25,000,000",,"74,000,000","719,000,000","774,000,000",,"629,000,000","602,000,000","621,000,000",,,,,,,,,,,,,,,,,,,,,,,,,,,,,,,,,,,,,,,,,,,,,,,,,,,,,,,,,,,,,,,,,,,,,,,,,,,,,,,,,,,,,,
InterestExpense,"1,155,000,000","303,000,000","291,000,000","281,000,000","280,000,000","317,000,000","323,000,000","323,000,000","326,000,000","354,000,000","432,000,000","348,000,000","210,000,000","193,000,000","191,000,000","173,000,000","165,000,000","164,000,000","168,000,000","147,000,000","135,000,000","157,000,000","158,000,000","167,000,000","147,000,000","128,000,000","117,000,000","115,000,000","108,000,000","117,000,000","126,000,000","136,000,000","105,000,000","113,000,000","97,000,000","98,000,000","94,000,000","109,000,000","124,000,000","117,000,000","110,000,000","113,000,000","107,000,000","97,000,000","129,000,000","101,000,000","95,000,000","90,000,000","82,000,000","81,000,000","84,000,000","101,000,000","136,000,000","191,000,000","159,000,000","145,000,000","178,000,000","215,000,000","193,000,000","130,000,000","73,000,000","71,000,000","70,000,000","72,000,000","66,000,000",,,"67,000,000","49,000,000",,,,,,,,,,,,,,,,,,,,,,,,,,,,,,,,,,,,,,,,,,,,,,,,,,,,,,,,,,,,,,,,,,,,,,,,,,,,,,
NetInterestIncome,"-1,103,000,000","-290,000,000","-277,000,000","-270,000,000","-266,000,000","-302,000,000","-308,000,000","-300,000,000","-275,000,000","-306,000,000","-369,000,000","-181,000,000","-140,000,000","-116,000,000","-121,000,000","-126,000,000","-94,000,000","-122,000,000","-130,000,000","-113,000,000","-105,000,000","-125,000,000","-136,000,000","-138,000,000","-123,000,000","-108,000,000","-101,000,000","-97,000,000","-89,000,000","-92,000,000","-105,000,000","-114,000,000","-83,000,000","-95,000,000","-84,000,000","-79,000,000","-71,000,000","-83,000,000","-102,000,000","-86,000,000","-79,000,000","-82,000,000","-68,000,000","-67,000,000","-129,000,000","-74,000,000","-72,000,000","-67,000,000","-63,000,000","-40,000,000","-76,000,000","-82,000,000","-111,000,000","-477,000,000","-85,000,000","574,000,000","596,000,000","-2,067,000,000","436,000,000","472,000,000","548,000,000","-71,000,000","-70,000,000","-72,000,000","-66,000,000",,,"-67,000,000","-49,000,000",,,,,,,,,,,,,,,,,,,,,,,,,,,,,,,,,,,,,,,,,,,,,,,,,,,,,,,,,,,,,,,,,,,,,,,,,,,,,,
EBIT,"5,992,000,000","1,364,000,000","1,610,000,000","1,833,000,000","1,185,000,000","1,606,000,000","2,150,000,000","1,894,000,000","277,000,000","4,347,000,000","1,954,000,000","3,116,000,000","2,093,000,000","4,627,000,000","3,187,000,000","2,949,000,000","1,301,000,000","4,633,000,000","3,233,000,000","2,590,000,000","1,559,000,000","5,142,000,000","3,421,000,000","3,216,000,000","1,181,000,000","5,227,000,000","3,738,000,000","4,339,000,000","3,109,000,000","7,212,000,000","4,487,000,000","5,307,000,000","3,085,000,000","7,075,000,000","4,909,000,000","4,242,000,000","3,700,000,000","7,940,000,000","5,198,000,000","5,278,000,000","3,946,000,000","7,387,000,000","5,134,000,000","4,982,000,000","3,946,000,000","7,056,000,000","4,772,000,000","4,665,000,000","3,597,000,000","6,462,000,000","4,457,000,000","4,363,000,000","3,258,000,000","5,999,000,000","4,054,000,000","3,959,000,000","3,376,000,000","5,703,000,000","3,473,000,000","3,272,000,000","2,652,000,000","4,885,000,000","3,244,000,000","2,961,000,000","2,506,000,000","7,124,000,000","2,659,000,000","2,800,000,000","2,059,000,000","5,293,000,000","2,249,000,000","2,467,000,000","2,158,000,000","3,752,000,000","2,202,000,000","2,312,000,000","1,823,000,000","2,547,000,000","2,123,000,000","784,000,000","1,183,000,000","1,315,000,000","2,389,000,000","2,994,000,000","2,597,000,000","4,497,000,000","2,814,000,000","2,807,000,000","2,133,000,000","3,579,000,000","2,680,000,000","4,085,000,000","2,140,000,000","3,917,000,000","2,170,000,000","2,114,000,000","1,552,000,000","3,690,000,000","2,004,000,000","2,222,000,000","1,839,000,000","3,168,000,000","1,968,000,000","2,186,000,000","1,981,000,000","1,618,000,000","2,028,000,000","2,774,000,000","2,118,000,000","3,398,000,000","1,216,000,000","1,078,000,000","691,000,000","496,000,000","-29,000,000","-8,834,000,000","-270,000,000","4,890,000,000","-4,041,000,000","1,389,000,000","1,168,000,000","-1,011,000,000","589,000,000","355,000,000","1,009,000,000","4,256,000,000","2,053,000,000","2,587,000,000","2,136,000,000","-35,355,000,000","14,305,000,000","15,213,000,000","12,730,000,000","-29,998,000,000","13,960,000,000","13,599,000,000","11,749,000,000","-28,464,000,000","12,727,000,000","8,510,000,000","6,500,000,000","-26,446,000,000","11,910,000,000","12,268,000,000","10,127,000,000","-21,671,000,000","11,698,000,000"
EBITDA,"12,409,000,000"
ReconciledCostOfRevenue,"20,564,000,000","-2,849,000,000","8,052,000,000","8,342,000,000","8,130,000,000","8,422,000,000","7,725,000,000","8,028,000,000","8,299,000,000","9,321,000,000","8,299,000,000","8,952,000,000","8,790,000,000","10,067,000,000","8,925,000,000","9,797,000,000","9,821,000,000","10,646,000,000","9,302,000,000","9,505,000,000","9,414,000,000","9,882,000,000","9,222,000,000","9,569,000,000","9,074,000,000","9,742,000,000","8,981,000,000","9,534,000,000","9,249,000,000","10,298,000,000","10,480,000,000","11,317,000,000","10,892,000,000","12,262,000,000","11,266,000,000","11,744,000,000","11,667,000,000","13,072,000,000","11,908,000,000","12,407,000,000","12,476,000,000","13,648,000,000","12,863,000,000","13,148,000,000","12,594,000,000","13,633,000,000","12,129,000,000","11,788,000,000","11,730,000,000","12,887,000,000","11,752,000,000","11,500,000,000","11,124,000,000","14,071,000,000","14,342,000,000","15,221,000,000","14,336,000,000","15,897,000,000","14,163,000,000","13,834,000,000","13,163,000,000","14,556,000,000","13,126,000,000","12,876,000,000","12,571,000,000","13,662,000,000","12,791,000,000","13,495,000,000","14,654,000,000","16,609,000,000","14,783,000,000","14,628,000,000","14,241,000,000","15,938,000,000","13,710,000,000","13,633,000,000","12,832,000,000","14,493,000,000","12,498,000,000","12,381,000,000","12,115,000,000","14,081,000,000","13,037,000,000","13,530,000,000","13,436,000,000","15,947,000,000","13,980,000,000","13,708,000,000","12,337,000,000","15,299,000,000","13,580,000,000","13,681,000,000","13,059,000,000","15,322,000,000","12,628,000,000","11,677,000,000","11,168,000,000","14,205,000,000","11,507,000,000","11,471,000,000","10,716,000,000","12,198,000,000","10,804,000,000","10,992,000,000","9,790,000,000","12,769,000,000","9,833,000,000","9,900,000,000","9,071,000,000","11,810,000,000","9,277,000,000","9,247,000,000","8,433,000,000","10,950,000,000","7,928,000,000","8,472,000,000","6,508,000,000","10,452,000,000","5,560,000,000","7,060,000,000","5,739,000,000","10,078,000,000","6,152,000,000","6,014,000,000","5,079,000,000","9,227,000,000","5,510,000,000","6,580,000,000","5,189,000,000",,,,,,,,,,,,,,,,,,
ReconciledDepreciation,"6,417,000,000","1,381,000,000","1,684,000,000","1,680,000,000","1,672,000,000","1,699,000,000","1,683,000,000","1,679,000,000","1,634,000,000","1,650,000,000","1,669,000,000","1,294,000,000","1,446,000,000","1,112,000,000","1,138,000,000","1,116,000,000","1,114,000,000","1,149,000,000","1,176,000,000","1,117,000,000","1,099,000,000","1,127,000,000","1,127,000,000","1,103,000,000","1,024,000,000","990,000,000","936,000,000","961,000,000","968,000,000","1,046,000,000","1,139,000,000","1,166,000,000","1,141,000,000","1,214,000,000","1,175,000,000","1,136,000,000","1,153,000,000","1,152,000,000","1,191,000,000","1,176,000,000","1,157,000,000","1,188,000,000","1,192,000,000","1,207,000,000","1,228,000,000","1,235,000,000","1,203,000,000","1,183,000,000","1,210,000,000","1,265,000,000","1,258,000,000","1,242,000,000","1,229,000,000","1,321,000,000","1,379,000,000","1,403,000,000","1,347,000,000","1,337,000,000","1,340,000,000","1,284,000,000","1,240,000,000","1,300,000,000","1,228,000,000","1,247,000,000","1,208,000,000","1,329,000,000","1,239,000,000","1,338,000,000","1,282,000,000","1,445,000,000","1,161,000,000","1,127,000,000","1,182,000,000","1,232,000,000","1,177,000,000","1,176,000,000","1,116,000,000","597,000,000","1,081,000,000","1,534,000,000","1,167,000,000","1,165,000,000","1,221,000,000","1,201,000,000","1,233,000,000","1,364,000,000","1,165,000,000","1,238,000,000","1,228,000,000","1,256,000,000","1,457,000,000","2,468,000,000","1,404,000,000","1,345,000,000","1,310,000,000","1,114,000,000","1,223,000,000","1,415,000,000","1,177,000,000","1,213,000,000","1,196,000,000","1,304,000,000","1,196,000,000","1,298,000,000","1,214,000,000","1,530,000,000","1,320,000,000","1,302,000,000","1,450,000,000","1,468,000,000","1,492,000,000","1,509,000,000","1,826,000,000","1,036,000,000","1,213,000,000","1,073,000,000","1,388,000,000","780,000,000","3,013,000,000","1,301,000,000","1,165,000,000","1,605,000,000","1,120,000,000","1,167,000,000","1,258,000,000","1,103,000,000","1,167,000,000","808,000,000","1,139,000,000",,,,,,,,,,,,,,,,,,
NetIncomeFromContinuingOperationNetMinorityInterest,"4,712,000,000","1,301,000,000","1,130,000,000","1,325,000,000","956,000,000","1,264,000,000","1,698,000,000","1,362,000,000","1,176,000,000","3,669,000,000","1,673,000,000","2,499,000,000","1,593,000,000","1,953,000,000","2,692,000,000","2,402,000,000","1,675,000,000","-1,053,000,000","2,726,000,000","2,332,000,000","1,753,000,000","4,506,000,000","2,854,000,000","2,505,000,000","2,016,000,000","4,460,000,000","2,962,000,000","3,526,000,000","2,415,000,000","5,514,000,000","3,455,000,000","4,137,000,000","2,384,000,000","6,184,000,000","4,041,000,000","3,226,000,000","3,032,000,000","5,833,000,000","3,823,000,000","3,881,000,000","3,067,000,000","5,490,000,000","3,839,000,000","3,664,000,000","2,863,000,000","5,257,000,000","3,589,000,000","3,385,000,000","2,601,000,000","4,813,000,000","3,214,000,000","3,103,000,000","2,295,000,000","4,427,000,000","2,824,000,000","2,765,000,000","2,319,000,000","3,951,000,000","2,362,000,000","2,261,000,000","1,844,000,000","3,464,000,000","2,222,000,000","2,022,000,000","1,708,000,000","3,220,000,000","1,516,000,000","1,851,000,000","1,407,000,000","3,055,000,000","1,800,000,000","1,990,000,000","1,603,000,000","2,716,000,000","1,785,000,000","1,725,000,000","1,387,000,000","1,911,000,000","1,694,000,000","445,000,000","1,192,000,000","2,333,000,000","1,595,000,000","2,045,000,000","1,750,000,000","2,670,000,000","1,963,000,000","1,941,000,000","1,519,000,000","2,089,000,000","1,762,000,000","2,391,000,000","1,470,000,000","2,346,000,000","1,494,000,000","1,452,000,000","1,036,000,000","2,093,000,000","1,359,000,000","1,446,000,000","1,195,000,000","2,023,000,000","1,285,000,000","1,347,000,000","774,000,000","1,711,000,000","-538,000,000","1,716,000,000","1,289,000,000","1,231,000,000","710,000,000","689,000,000","392,000,000","382,000,000","-48,000,000","-8,036,000,000","-285,000,000","-5,463,000,000","-2,778,000,000","714,000,000","595,000,000","-1,382,000,000","172,000,000","114,000,000","532,000,000","2,461,000,000","1,112,000,000","1,410,000,000","1,037,000,000",,,,,,,,,,,,,,,,,,
TotalUnusualItemsExcludingGoodwill,"167,000,000","245,000,000","21,000,000","-65,000,000","-45,000,000","-158,000,000","-2,000,000","30,000,000","30,000,000","-8,000,000","25,000,000","101,000,000","87,000,000","94,000,000","17,000,000","-2,000,000","-83,000,000","-52,000,000","-9,000,000","-1,000,000","-37,000,000","40,000,000","-33,000,000","-108,000,000","-155,000,000","12,000,000","37,000,000","107,000,000","5,000,000","-57,000,000","-113,000,000","-85,000,000","-109,000,000","-54,000,000","4,000,000","23,000,000","-5,000,000","-1,387,000,000","888,000,000","391,000,000","276,000,000","265,000,000","130,000,000","168,000,000","425,000,000","341,000,000","380,000,000","348,000,000","788,000,000","394,000,000","305,000,000","311,000,000","546,000,000","710,000,000","244,000,000","232,000,000","265,000,000","335,000,000","365,000,000","499,000,000","385,000,000","391,000,000","416,000,000","384,000,000","475,000,000","562,000,000","312,000,000","1,999,000,000","197,000,000","430,000,000","266,000,000","368,000,000","167,000,000","157,000,000","380,000,000","195,000,000","198,000,000","213,000,000","315,000,000","-156,000,000","538,000,000","2,039,000,000","-73,000,000","-34,000,000","-36,000,000","125,000,000","173,000,000","130,000,000","189,000,000",,,,,,,,,,"162,000,000","137,000,000","185,000,000",,"183,000,000","193,000,000","-285,000,000","1,148,000,000","-1,632,000,000","238,000,000","246,000,000","-1,108,000,000","221,000,000","479,000,000","408,000,000","467,000,000","361,000,000","158,000,000","195,000,000","-11,474,000,000","90,000,000","140,000,000","172,000,000","178,000,000","67,000,000","157,000,000","200,000,000","95,000,000","82,000,000","123,000,000","195,000,000",,,,,,,,,,,,,,,,,,
TotalUnusualItems,"167,000,000","245,000,000","21,000,000","-65,000,000","-45,000,000","-158,000,000","-2,000,000","30,000,000","30,000,000","-8,000,000","25,000,000","101,000,000","87,000,000","94,000,000","17,000,000","-2,000,000","-83,000,000","-52,000,000","-9,000,000","-1,000,000","-37,000,000","40,000,000","-33,000,000","-108,000,000","-155,000,000","12,000,000","37,000,000","107,000,000","5,000,000","-57,000,000","-113,000,000","-85,000,000","-109,000,000","-54,000,000","4,000,000","23,000,000","-5,000,000","-1,387,000,000","888,000,000","391,000,000","276,000,000","265,000,000","130,000,000","168,000,000","425,000,000","341,000,000","380,000,000","348,000,000","788,000,000","394,000,000","305,000,000","311,000,000","546,000,000","710,000,000","244,000,000","232,000,000","265,000,000","335,000,000","365,000,000","499,000,000","385,000,000","391,000,000","416,000,000","384,000,000","475,000,000","562,000,000","312,000,000","1,999,000,000","197,000,000","430,000,000","266,000,000","368,000,000","167,000,000","157,000,000","380,000,000","195,000,000","198,000,000","213,000,000","315,000,000","-156,000,000","538,000,000","2,039,000,000","-73,000,000","-34,000,000","-36,000,000","125,000,000","173,000,000","130,000,000","189,000,000",,,,,,,,,,"162,000,000","137,000,000","185,000,000",,"183,000,000","193,000,000","-285,000,000","1,148,000,000","-1,632,000,000","238,000,000","246,000,000","-1,108,000,000","221,000,000","479,000,000","408,000,000","467,000,000","361,000,000","158,000,000","195,000,000","-11,474,000,000","90,000,000","140,000,000","172,000,000","178,000,000","67,000,000","157,000,000","200,000,000","95,000,000","82,000,000","123,000,000","195,000,000",,,,,,,,,,,,,,,,,,
NormalizedEBITDA,"12,242,000,000","2,500,000,000","3,273,000,000","3,578,000,000","2,902,000,000","3,463,000,000","3,835,000,000","3,543,000,000","1,881,000,000","6,005,000,000","3,598,000,000","4,309,000,000","3,452,000,000","5,645,000,000","4,308,000,000","4,067,000,000","2,498,000,000","5,834,000,000","4,418,000,000","3,708,000,000","2,695,000,000","6,229,000,000","4,581,000,000","4,427,000,000","2,360,000,000","6,205,000,000","4,637,000,000","5,193,000,000","4,072,000,000","8,315,000,000","5,739,000,000","6,558,000,000","4,335,000,000","8,343,000,000","6,080,000,000","5,355,000,000","4,858,000,000","10,479,000,000","5,501,000,000","6,063,000,000","4,827,000,000","8,310,000,000","6,196,000,000","6,021,000,000","4,749,000,000","7,950,000,000","5,595,000,000","5,500,000,000","4,019,000,000","7,333,000,000","5,410,000,000","5,294,000,000","3,941,000,000","6,610,000,000","5,189,000,000","5,130,000,000","4,458,000,000","6,705,000,000","4,448,000,000","4,057,000,000","3,507,000,000","5,794,000,000","4,056,000,000","3,824,000,000","3,239,000,000","7,891,000,000","3,586,000,000","2,139,000,000","3,144,000,000","6,308,000,000","3,144,000,000","3,226,000,000","3,173,000,000","4,827,000,000","2,999,000,000","3,293,000,000","2,741,000,000","2,931,000,000","2,889,000,000","2,474,000,000","1,812,000,000","441,000,000","3,683,000,000","4,229,000,000","3,866,000,000","5,736,000,000","3,806,000,000","3,915,000,000","3,172,000,000","4,835,000,000","4,137,000,000","6,553,000,000","3,544,000,000","5,262,000,000","3,480,000,000","3,228,000,000","2,775,000,000","5,105,000,000","3,019,000,000","3,298,000,000","2,850,000,000","4,472,000,000","2,981,000,000","3,291,000,000","3,480,000,000","2,000,000,000","4,980,000,000","3,838,000,000","3,322,000,000","5,974,000,000","2,487,000,000","2,108,000,000","2,109,000,000","1,065,000,000","823,000,000","-7,919,000,000","923,000,000","17,144,000,000","-1,118,000,000","2,550,000,000","2,161,000,000","416,000,000","1,642,000,000","1,365,000,000","2,067,000,000","5,264,000,000","3,138,000,000","3,272,000,000","3,080,000,000","-35,355,000,000","14,305,000,000","15,213,000,000","12,730,000,000","-29,998,000,000","13,960,000,000","13,599,000,000","11,749,000,000","-28,464,000,000","12,727,000,000","8,510,000,000","6,500,000,000","-26,446,000,000","11,910,000,000","12,268,000,000","10,127,000,000","-21,671,000,000","11,698,000,000"
TaxRateForCalcs,"0.026","0.27","0.143","0.147","0.27","0.019","0.07","0.133","0.27","0.081","0.27","0.097","0.154","0.27","0.102","0.135","0.27","0.4","0.11","0.045","0.4","0.096","0.125","0.178","0.4","0.125","0.182","0.165","0.195","0.223","0.208","0.2","0.2","0.112","0.16","0.221","0.159","0.255","0.247","0.248","0.2","0.245","0.236","0.25","0.25","0.244","0.233","0.26","0.26","0.246","0.265","0.272","0.265","0.238","0.275","0.275","0.275","0.28","0.28","0.28","0.285","0.28","0.3","0.3","0.3","0.295","0.4","0.323","0.3","0.3","0.289","0.3","0.3","0.3","0.3","0.3","0.3","0.295","0.295","0.252","0.295","0.293","0.295","0.295","0.297","0.295","0.3","0.3","0.3","0.3","0.33","0.4","0.3","0.29","0.299","0.303","0.32","0.305","0.315","0.337","0.355","0.299","0.351","0.38","0.4","0.334","0.4","0.392","0.4","0.4","0.4","0.4","0.4","0.4","0.4","0.107","0.25","0.214","0.352","0.4","0.4","0.4","0.4","0.4","0.4","0.384","0.4","0.4","0.4",,,,,,,,,,,,,,,,,,
TaxEffectOfUnusualItems,"4,342,000","66,150,000","3,003,000","-9,555,000","-12,150,000","-2,941,815.361","-140,000","3,990,000","8,100,000","-649,135.988","6,750,000","9,797,000","13,398,000","25,380,000","1,734,000","-270,000","-22,410,000","-20,800,000","-990,000","-45,000","-14,800,000","3,851,554.664","-4,125,000","-19,224,000","-62,000,000","1,501,470.877","6,734,000","17,655,000","975,000","-12,685,412.262","-23,504,000","-17,000,000","-21,800,000","-6,034,472.853","640,000","5,083,000","-795,000","-353,878,942.664","218,937,327.552","96,973,454.757","55,329,509.906","64,993,126.203","30,722,100.656","41,991,402.252","106,222,164.003","83,252,048.886","88,398,546.077","90,518,032.787","204,902,418.208","96,817,426.736","80,835,810.656","84,572,735.805","144,632,286.996","168,942,837.466","67,092,169.448","63,809,124.279","72,837,711.069","93,821,975.219","102,155,487.805","139,916,931.891","109,722,760.76","109,648,940.59","124,773,787.02","115,239,875.389","142,500,000","165,844,133.1","124,800,000","645,121,844.127","59,100,000","128,980,293.309","76,825,760.569","110,412,944.073","50,100,000","47,043,321.3","113,895,645.351","58,594,890.511","59,370,015.144","62,910,398.23","93,032,445.923","-39,327,731.092","158,759,314.015","597,488,787.879","-21,525,641.026","-10,040,661.613","-10,688,629.972","36,869,553.736","51,887,660.485","39,004,688.063","56,700,000","0","0","0","0","0","0","0","0","0","50,977,307.11","46,127,522.936","65,629,049.676","0","64,174,835.776","73,418,123.275","-114,000,000","383,113,707.165","-652,800,000","93,379,603.399","98,400,000","-443,200,000","88,400,000","191,600,000","163,200,000","186,800,000","144,400,000","16,892,198.266","48,750,000","-2,452,344,559.585","31,665,888.941","56,000,000","68,730,575.177","71,200,000","26,800,000","62,800,000","80,000,000","36,463,445.168","32,800,000","49,200,000","78,000,000",,,,,,,,,,,,,,,,,,